0.411 0.883 2.51 0.3 0.3 0.3
0.411 0.883 2.51 0.3 0.3 0.3
0.411 0.883 2.51 0.3 0.3 0.3
0.411 0.883 2.51 0.3 0.3 0.3
0.411 0.883 2.51 0.3 0.3 0.3
0.411 0.883 2.51 0.3 0.3 0.3
0.411 0.883 2.51 0.3 0.3 0.3
0.411 0.883 2.51 0.3 0.3 0.3
0.411 0.883 2.51 0.3 0.3 0.3
0.411 0.883 2.51 0.3 0.3 0.3
0.411 0.883 2.51 0.3 0.3 0.3
0.411 0.883 2.51 0.3 0.3 0.3
0.411 0.883 2.51 0.3 0.3 0.3
0.411 0.883 2.51 0.3 0.3 0.3
0.411 0.883 2.51 0.3 0.3 0.3
0.411 0.883 2.51 0.3 0.3 0.3
0.411 0.883 2.51 0.3 0.3 0.3
0.411 0.883 2.51 0.3 0.3 0.3
0.411 0.883 2.51 0.3 0.3 0.3
0.411 0.883 2.51 0.3 0.3 0.3
0.411 0.883 2.51 0.3 0.3 0.3
0.411 0.883 2.51 0.3 0.3 0.3
0.411 0.883 2.51 0.3 0.3 0.3
0.411 0.883 2.51 0.3 0.3 0.3
0.411 0.883 2.51 0.3 0.3 0.3
0.411 0.883 2.51 0.3 0.3 0.3
0.411 0.883 2.51 0.3 0.3 0.3
0.411 0.883 2.51 0.3 0.3 0.3
0.411 0.883 2.51 0.3 0.3 0.3
0.411 0.883 2.51 0.3 0.3 0.3
0.411 0.883 2.51 0.3 0.3 0.3
0.411 0.883 2.51 0.3 0.3 0.3
0.411 0.883 2.51 0.3 0.3 0.3
0.411 0.883 2.51 0.3 0.3 0.3
0.411 0.883 2.51 0.3 0.3 0.3
0.411 0.883 2.51 0.3 0.3 0.3
0.411 0.883 2.51 0.3 0.3 0.3
0.411 0.883 2.51 0.3 0.3 0.3
0.411 0.883 2.51 0.3 0.3 0.3
0.411 0.883 2.51 0.3 0.3 0.3
0.411 0.883 2.51 0.3 0.3 0.3
0.411 0.883 2.51 0.3 0.3 0.3
0.411 0.883 2.51 0.3 0.3 0.3
0.411 0.883 2.51 0.3 0.3 0.3
0.411 0.883 2.51 0.3 0.3 0.3
0.411 0.883 2.51 0.3 0.3 0.3
0.411 0.883 2.51 0.3 0.3 0.3
0.411 0.883 2.51 0.3 0.3 0.3
0.411 0.883 2.51 0.3 0.3 0.3
0.411 0.883 2.51 0.3 0.3 0.3
0.411 0.883 2.51 0.3 0.3 0.3
0.411 0.883 2.51 0.3 0.3 0.3
0.411 0.883 2.51 0.3 0.3 0.3
0.411 0.883 2.51 0.3 0.3 0.3
0.411 0.883 2.51 0.3 0.3 0.3
0.411 0.883 2.51 0.3 0.3 0.3
0.411 0.883 2.51 0.3 0.3 0.3
0.411 0.883 2.51 0.3 0.3 0.3
0.411 0.883 2.51 0.3 0.3 0.3
0.411 0.883 2.51 0.3 0.3 0.3
0.411 0.883 2.51 0.3 0.3 0.3
0.411 0.883 2.51 0.3 0.3 0.3
0.411 0.883 2.51 0.3 0.3 0.3
0.411 0.883 2.51 0.3 0.3 0.3
0.411 0.883 2.51 0.3 0.3 0.3
0.411 0.883 2.51 0.3 0.3 0.3
0.411 0.883 2.51 0.3 0.3 0.3
0.411 0.883 2.51 0.3 0.3 0.3
0.411 0.883 2.51 0.3 0.3 0.3
0.411 0.883 2.51 0.3 0.3 0.3
0.411 0.883 2.51 0.3 0.3 0.3
0.411 0.883 2.51 0.3 0.3 0.3
0.411 0.883 2.51 0.3 0.3 0.3
0.411 0.883 2.51 0.3 0.3 0.3
0.411 0.883 2.51 0.3 0.3 0.3
0.411 0.883 2.51 0.3 0.3 0.3
0.411 0.883 2.51 0.3 0.3 0.3
0.411 0.883 2.51 0.3 0.3 0.3
0.411 0.883 2.51 0.3 0.3 0.3
0.411 0.883 2.51 0.3 0.3 0.3
0.411 0.883 2.51 0.3 0.3 0.3
0.411 0.883 2.51 0.3 0.3 0.3
0.411 0.883 2.51 0.3 0.3 0.3
0.411 0.883 2.51 0.3 0.3 0.3
0.411 0.883 2.51 0.3 0.3 0.3
0.411 0.883 2.51 0.3 0.3 0.3
0.411 0.883 2.51 0.3 0.3 0.3
0.411 0.883 2.51 0.3 0.3 0.3
0.411 0.894 2.51 0.3 0.3 0.3
0.411 0.899 2.51 0.3 0.3 0.3
0.411 0.91 2.51 0.3 0.3 0.3
0.411 0.916 2.51 0.3 0.3 0.3
0.411 0.921 2.51 0.3 0.3 0.3
0.411 0.932 2.51 0.3 0.3 0.3
0.411 0.932 2.51 0.3 0.3 0.3
0.411 0.938 2.51 0.3 0.3 0.3
0.411 0.943 2.51 0.3 0.3 0.3
0.411 0.949 2.51 0.3 0.3 0.3
0.411 0.954 2.51 0.3 0.3 0.3
0.411 0.96 2.51 0.3 0.3 0.3
0.411 0.96 2.51 0.3 0.3 0.3
0.411 0.965 2.51 0.3 0.3 0.3
0.411 0.971 2.51 0.3 0.3 0.3
0.411 0.976 2.51 0.3 0.3 0.3
0.411 0.981 2.51 0.3 0.3 0.3
0.411 0.987 2.51 0.3 0.3 0.3
0.411 0.998 2.51 0.3 0.3 0.3
0.411 1.009 2.51 0.3 0.3 0.3
0.411 1.019 2.51 0.3 0.3 0.3
0.411 1.03 2.51 0.3 0.3 0.3
0.411 1.047 2.51 0.3 0.3 0.3
0.411 1.057 2.51 0.3 0.3 0.3
0.411 1.074 2.51 0.3 0.3 0.3
0.411 1.09 2.51 0.3 0.3 0.3
0.411 1.101 2.51 0.3 0.3 0.3
0.411 1.111 2.51 0.3 0.3 0.3
0.411 1.122 2.51 0.3 0.3 0.3
0.411 1.133 2.51 0.3 0.3 0.3
0.411 1.138 2.51 0.3 0.3 0.3
0.411 1.149 2.51 0.3 0.3 0.3
0.411 1.16 2.51 0.3 0.3 0.3
0.411 1.176 2.51 0.3 0.3 0.3
0.411 1.181 2.51 0.3 0.3 0.3
0.411 1.192 2.51 0.3 0.3 0.3
0.411 1.203 2.51 0.3 0.3 0.3
0.411 1.208 2.51 0.3 0.3 0.3
0.411 1.219 2.51 0.3 0.3 0.3
0.411 1.23 2.51 0.3 0.3 0.3
0.411 1.24 2.51 0.3 0.3 0.3
0.411 1.251 2.51 0.3 0.3 0.3
0.411 1.262 2.51 0.3 0.3 0.3
0.411 1.272 2.51 0.3 0.3 0.3
0.411 1.278 2.51 0.3 0.3 0.3
0.411 1.288 2.51 0.3 0.3 0.3
0.411 1.299 2.51 0.3 0.3 0.3
0.411 1.31 2.51 0.3 0.3 0.3
0.411 1.315 2.51 0.3 0.3 0.3
0.411 1.326 2.51 0.3 0.3 0.3
0.411 1.336 2.51 0.3 0.3 0.3
0.411 1.342 2.51 0.3 0.3 0.3
0.411 1.352 2.51 0.3 0.3 0.3
0.411 1.358 2.51 0.3 0.3 0.3
0.411 1.363 2.51 0.3 0.3 0.3
0.411 1.374 2.51 0.3 0.3 0.3
0.411 1.374 2.51 0.3 0.3 0.3
0.411 1.379 2.51 0.3 0.3 0.3
0.411 1.379 2.51 0.3 0.3 0.3
0.411 1.379 2.51 0.3 0.3 0.3
0.411 1.379 2.51 0.3 0.3 0.3
0.411 1.379 2.51 0.3 0.3 0.3
0.411 1.379 2.51 0.3 0.3 0.3
0.411 1.374 2.51 0.3 0.3 0.3
0.411 1.368 2.51 0.3 0.3 0.3
0.411 1.352 2.51 0.3 0.3 0.3
0.411 1.342 2.51 0.3 0.3 0.3
0.411 1.326 2.51 0.3 0.3 0.3
0.411 1.315 2.51 0.3 0.3 0.3
0.411 1.299 2.51 0.3 0.3 0.3
0.411 1.283 2.51 0.3 0.3 0.3
0.411 1.272 2.51 0.3 0.3 0.3
0.411 1.251 2.51 0.3 0.3 0.3
0.411 1.235 2.51 0.3 0.3 0.3
0.411 1.208 2.51 0.3 0.3 0.3
0.411 1.187 2.51 0.3 0.3 0.3
0.411 1.165 2.51 0.3 0.3 0.3
0.411 1.143 2.51 0.3 0.3 0.3
0.411 1.122 2.51 0.3 0.3 0.3
0.411 1.1 2.51 0.3 0.3 0.3
0.411 1.078 2.51 0.3 0.3 0.3
0.411 1.057 2.51 0.3 0.3 0.3
0.411 1.04 2.51 0.3 0.3 0.3
0.411 1.024 2.51 0.3 0.3 0.3
0.411 1.008 2.51 0.3 0.3 0.3
0.411 0.991 2.51 0.3 0.3 0.3
0.411 0.975 2.51 0.3 0.3 0.3
0.411 0.958 2.51 0.3 0.3 0.3
0.411 0.937 2.51 0.3 0.3 0.3
0.411 0.915 2.51 0.3 0.3 0.3
0.411 0.898 2.51 0.3 0.3 0.3
0.411 0.893 2.51 0.3 0.3 0.3
0.411 0.882 2.51 0.3 0.3 0.3
0.411 0.871 2.51 0.3 0.3 0.3
0.411 0.86 2.51 0.3 0.3 0.3
0.411 0.849 2.51 0.3 0.3 0.3
0.411 0.843 2.51 0.3 0.3 0.3
0.411 0.832 2.51 0.3 0.3 0.3
0.411 0.821 2.51 0.3 0.3 0.3
0.411 0.815 2.51 0.3 0.3 0.3
0.411 0.81 2.51 0.3 0.3 0.3
0.411 0.81 2.51 0.3 0.3 0.3
0.411 0.81 2.51 0.3 0.3 0.3
0.411 0.81 2.51 0.3 0.3 0.3
0.411 0.81 2.51 0.3 0.3 0.3
0.411 0.81 2.51 0.3 0.3 0.3
0.411 0.81 2.51 0.3 0.3 0.3
0.411 0.81 2.51 0.3 0.3 0.3
0.411 0.81 2.51 0.3 0.3 0.3
0.411 0.81 2.51 0.3 0.3 0.3
0.411 0.81 2.51 0.3 0.3 0.3
0.411 0.81 2.51 0.3 0.3 0.3
0.411 0.81 2.51 0.3 0.3 0.3
0.411 0.81 2.51 0.3 0.3 0.3
0.411 0.81 2.51 0.3 0.3 0.3
0.411 0.81 2.51 0.3 0.3 0.3
0.411 0.81 2.51 0.3 0.3 0.3
0.411 0.81 2.51 0.3 0.3 0.3
0.411 0.81 2.51 0.3 0.3 0.3
0.411 0.81 2.51 0.3 0.3 0.3
0.411 0.815 2.51 0.3 0.3 0.3
0.411 0.821 2.51 0.3 0.3 0.3
0.411 0.826 2.51 0.3 0.3 0.3
0.411 0.843 2.51 0.3 0.3 0.3
0.411 0.849 2.51 0.3 0.3 0.3
0.411 0.865 2.51 0.3 0.3 0.3
0.411 0.876 2.51 0.3 0.3 0.3
0.411 0.887 2.51 0.3 0.3 0.3
0.411 0.898 2.51 0.3 0.3 0.3
0.411 0.909 2.51 0.3 0.3 0.3
0.411 0.915 2.51 0.3 0.3 0.3
0.411 0.92 2.51 0.3 0.3 0.3
0.411 0.931 2.51 0.3 0.3 0.3
0.411 0.942 2.51 0.3 0.3 0.3
0.411 0.953 2.51 0.3 0.3 0.3
0.411 0.964 2.51 0.3 0.3 0.3
0.411 0.975 2.51 0.3 0.3 0.3
0.411 0.986 2.51 0.3 0.3 0.3
0.411 1.002 2.51 0.3 0.3 0.3
0.411 1.008 2.51 0.3 0.3 0.3
0.411 1.019 2.51 0.3 0.3 0.3
0.411 1.03 2.51 0.3 0.3 0.3
0.411 1.04 2.51 0.3 0.3 0.3
0.411 1.051 2.51 0.3 0.3 0.3
0.411 1.057 2.51 0.3 0.3 0.3
0.411 1.068 2.51 0.3 0.3 0.3
0.411 1.073 2.51 0.3 0.3 0.3
0.411 1.084 2.51 0.3 0.3 0.3
0.411 1.095 2.51 0.3 0.3 0.3
0.411 1.1 2.51 0.3 0.3 0.3
0.411 1.111 2.51 0.3 0.3 0.3
0.411 1.116 2.51 0.3 0.3 0.3
0.411 1.127 2.51 0.3 0.3 0.3
0.411 1.138 2.51 0.3 0.3 0.3
0.411 1.144 2.51 0.3 0.3 0.3
0.411 1.154 2.51 0.3 0.3 0.3
0.411 1.165 2.51 0.3 0.3 0.3
0.411 1.176 2.51 0.3 0.3 0.3
0.411 1.187 2.51 0.3 0.3 0.3
0.411 1.197 2.51 0.3 0.3 0.3
0.411 1.208 2.51 0.3 0.3 0.3
0.411 1.219 2.51 0.3 0.3 0.3
0.411 1.23 2.51 0.3 0.3 0.3
0.411 1.246 2.51 0.3 0.3 0.3
0.411 1.256 2.51 0.3 0.3 0.3
0.411 1.267 2.51 0.3 0.3 0.3
0.411 1.278 2.51 0.3 0.3 0.3
0.411 1.283 2.51 0.3 0.3 0.3
0.411 1.294 2.51 0.3 0.3 0.3
0.411 1.299 2.51 0.3 0.3 0.3
0.411 1.31 2.51 0.3 0.3 0.3
0.411 1.315 2.51 0.3 0.3 0.3
0.411 1.32 2.51 0.3 0.3 0.3
0.411 1.331 2.51 0.3 0.3 0.3
0.411 1.342 2.51 0.3 0.3 0.3
0.411 1.352 2.51 0.3 0.3 0.3
0.411 1.358 2.51 0.3 0.3 0.3
0.411 1.368 2.51 0.3 0.3 0.3
0.411 1.379 2.51 0.3 0.3 0.3
0.411 1.39 2.51 0.3 0.3 0.3
0.411 1.4 2.51 0.3 0.3 0.3
0.411 1.411 2.51 0.3 0.3 0.3
0.411 1.421 2.51 0.3 0.3 0.3
0.411 1.432 2.51 0.3 0.3 0.3
0.411 1.442 2.51 0.3 0.3 0.3
0.411 1.453 2.51 0.3 0.3 0.3
0.411 1.463 2.51 0.3 0.3 0.3
0.411 1.469 2.51 0.3 0.3 0.3
0.411 1.479 2.51 0.3 0.3 0.3
0.411 1.49 2.51 0.3 0.3 0.3
0.411 1.5 2.51 0.3 0.3 0.3
0.411 1.511 2.51 0.3 0.3 0.3
0.411 1.526 2.51 0.3 0.3 0.3
0.411 1.537 2.51 0.3 0.3 0.3
0.411 1.553 2.51 0.3 0.3 0.3
0.411 1.568 2.51 0.3 0.3 0.3
0.411 1.579 2.51 0.3 0.3 0.3
0.411 1.594 2.51 0.3 0.3 0.3
0.411 1.599 2.51 0.3 0.3 0.3
0.411 1.61 2.51 0.3 0.3 0.3
0.411 1.615 2.51 0.3 0.3 0.3
0.411 1.62 2.51 0.3 0.3 0.3
0.411 1.62 2.51 0.3 0.3 0.3
0.411 1.62 2.51 0.3 0.3 0.3
0.411 1.62 2.51 0.3 0.3 0.3
0.411 1.62 2.51 0.3 0.3 0.3
0.411 1.62 2.51 0.3 0.3 0.3
0.411 1.62 2.51 0.3 0.3 0.3
0.411 1.62 2.51 0.3 0.3 0.3
0.411 1.62 2.51 0.3 0.3 0.3
0.411 1.62 2.51 0.3 0.3 0.3
0.411 1.62 2.51 0.3 0.3 0.3
0.411 1.605 2.51 0.3 0.3 0.3
0.411 1.589 2.51 0.3 0.3 0.3
0.411 1.573 2.51 0.3 0.3 0.3
0.411 1.553 2.51 0.3 0.3 0.3
0.411 1.526 2.51 0.3 0.3 0.3
0.411 1.505 2.51 0.3 0.3 0.3
0.411 1.479 2.51 0.3 0.3 0.3
0.411 1.458 2.51 0.3 0.3 0.3
0.411 1.437 2.51 0.3 0.3 0.3
0.411 1.416 2.51 0.3 0.3 0.3
0.411 1.395 2.51 0.3 0.3 0.3
0.411 1.374 2.51 0.3 0.3 0.3
0.411 1.353 2.51 0.3 0.3 0.3
0.411 1.326 2.51 0.3 0.3 0.3
0.411 1.299 2.51 0.3 0.3 0.3
0.411 1.273 2.51 0.3 0.3 0.3
0.411 1.246 2.51 0.3 0.3 0.3
0.411 1.214 2.51 0.3 0.3 0.3
0.411 1.182 2.51 0.3 0.3 0.3
0.411 1.15 2.51 0.3 0.3 0.3
0.411 1.117 2.51 0.3 0.3 0.3
0.411 1.09 2.51 0.3 0.3 0.3
0.411 1.068 2.51 0.3 0.3 0.3
0.411 1.047 2.51 0.3 0.3 0.3
0.411 1.031 2.51 0.3 0.3 0.3
0.411 1.014 2.51 0.3 0.3 0.3
0.411 0.998 2.51 0.3 0.3 0.3
0.411 0.987 2.51 0.3 0.3 0.3
0.411 0.976 2.51 0.3 0.3 0.3
0.411 0.965 2.51 0.3 0.3 0.3
0.411 0.96 2.51 0.3 0.3 0.3
0.411 0.954 2.51 0.3 0.3 0.3
0.411 0.949 2.51 0.3 0.3 0.3
0.411 0.949 2.51 0.3 0.3 0.3
0.411 0.949 2.51 0.3 0.3 0.3
0.411 0.949 2.51 0.3 0.3 0.3
0.411 0.949 2.51 0.3 0.3 0.3
0.411 0.949 2.51 0.3 0.3 0.3
0.411 0.949 2.51 0.3 0.3 0.3
0.411 0.949 2.51 0.3 0.3 0.3
0.411 0.949 2.51 0.3 0.3 0.3
0.411 0.949 2.51 0.3 0.3 0.3
0.411 0.949 2.51 0.3 0.3 0.3
0.411 0.949 2.51 0.3 0.3 0.3
0.411 0.949 2.51 0.3 0.3 0.3
0.411 0.949 2.51 0.3 0.3 0.3
0.411 0.949 2.51 0.3 0.3 0.3
0.411 0.949 2.51 0.3 0.3 0.3
0.411 0.949 2.51 0.3 0.3 0.3
0.411 0.949 2.51 0.3 0.3 0.3
0.411 0.949 2.51 0.3 0.3 0.3
0.411 0.949 2.51 0.3 0.3 0.3
0.411 0.949 2.51 0.3 0.3 0.3
0.411 0.949 2.51 0.3 0.3 0.3
0.411 0.949 2.51 0.3 0.3 0.3
0.411 0.949 2.51 0.3 0.3 0.3
0.411 0.949 2.51 0.3 0.3 0.3
0.411 0.949 2.51 0.3 0.3 0.3
0.411 0.949 2.51 0.3 0.3 0.3
0.411 0.949 2.51 0.3 0.3 0.3
0.411 0.949 2.51 0.3 0.3 0.3
0.411 0.949 2.51 0.3 0.3 0.3
0.411 0.949 2.51 0.3 0.3 0.3
0.411 0.949 2.51 0.3 0.3 0.3
0.411 0.949 2.51 0.3 0.3 0.3
0.411 0.949 2.51 0.3 0.3 0.3
0.411 0.949 2.51 0.3 0.3 0.3
0.411 0.949 2.51 0.3 0.3 0.3
0.411 0.949 2.51 0.3 0.3 0.3
0.411 0.949 2.51 0.3 0.3 0.3
0.411 0.949 2.51 0.3 0.3 0.3
0.411 0.949 2.51 0.3 0.3 0.3
0.411 0.949 2.51 0.3 0.3 0.3
0.411 0.949 2.51 0.3 0.3 0.3
0.411 0.949 2.51 0.3 0.3 0.3
0.411 0.949 2.51 0.3 0.3 0.3
0.411 0.949 2.51 0.3 0.3 0.3
0.411 0.949 2.51 0.3 0.3 0.3
0.411 0.949 2.51 0.3 0.3 0.3
0.411 0.949 2.51 0.3 0.3 0.3
0.411 0.949 2.51 0.3 0.3 0.3
0.411 0.949 2.51 0.3 0.3 0.3
0.411 0.949 2.51 0.3 0.3 0.3
0.411 0.949 2.51 0.3 0.3 0.3
0.411 0.949 2.51 0.3 0.3 0.3
0.411 0.949 2.51 0.3 0.3 0.3
0.411 0.949 2.51 0.3 0.3 0.3
0.411 0.949 2.51 0.3 0.3 0.3
0.411 0.949 2.51 0.3 0.3 0.3
0.411 0.949 2.51 0.3 0.3 0.3
0.411 0.949 2.51 0.3 0.3 0.3
0.411 0.949 2.51 0.3 0.3 0.3
0.411 0.949 2.51 0.3 0.3 0.3
0.411 0.949 2.51 0.3 0.3 0.3
0.411 0.949 2.51 0.3 0.3 0.3
0.411 0.949 2.51 0.3 0.3 0.3
0.411 0.949 2.51 0.3 0.3 0.3
0.411 0.949 2.51 0.3 0.3 0.3
0.411 0.949 2.51 0.3 0.3 0.3
0.411 0.949 2.51 0.3 0.3 0.3
0.411 0.949 2.51 0.3 0.3 0.3
0.411 0.949 2.51 0.3 0.3 0.3
0.411 0.949 2.51 0.3 0.3 0.3
0.416 0.949 2.51 0.3 0.3 0.3
0.422 0.949 2.51 0.3 0.3 0.3
0.438 0.949 2.51 0.3 0.3 0.3
0.464 0.949 2.51 0.3 0.3 0.3
0.491 0.949 2.51 0.3 0.3 0.3
0.523 0.949 2.51 0.3 0.3 0.3
0.555 0.949 2.51 0.3 0.3 0.3
0.582 0.949 2.51 0.3 0.3 0.3
0.609 0.949 2.51 0.3 0.3 0.3
0.63 0.949 2.51 0.3 0.3 0.3
0.646 0.949 2.51 0.3 0.3 0.3
0.662 0.949 2.51 0.3 0.3 0.3
0.684 0.949 2.51 0.3 0.3 0.3
0.705 0.949 2.51 0.3 0.3 0.3
0.727 0.949 2.51 0.3 0.3 0.3
0.753 0.949 2.51 0.3 0.3 0.3
0.786 0.949 2.51 0.3 0.3 0.3
0.807 0.949 2.51 0.3 0.3 0.3
0.834 0.949 2.51 0.3 0.3 0.3
0.856 0.949 2.51 0.3 0.3 0.3
0.872 0.949 2.51 0.3 0.3 0.3
0.883 0.949 2.51 0.3 0.3 0.3
0.893 0.949 2.51 0.3 0.3 0.3
0.904 0.949 2.51 0.3 0.3 0.3
0.92 0.949 2.51 0.3 0.3 0.3
0.931 0.949 2.51 0.3 0.3 0.3
0.942 0.949 2.51 0.3 0.3 0.3
0.963 0.949 2.51 0.3 0.3 0.3
0.985 0.949 2.51 0.3 0.3 0.3
1.012 0.949 2.51 0.3 0.3 0.3
1.033 0.949 2.51 0.3 0.3 0.3
1.06 0.949 2.51 0.3 0.3 0.3
1.093 0.949 2.51 0.3 0.3 0.3
1.124 0.949 2.51 0.3 0.3 0.3
1.151 0.949 2.51 0.3 0.3 0.3
1.178 0.949 2.51 0.3 0.3 0.3
1.205 0.949 2.51 0.3 0.3 0.3
1.227 0.949 2.51 0.3 0.3 0.3
1.249 0.949 2.51 0.3 0.3 0.3
1.265 0.949 2.51 0.3 0.3 0.3
1.281 0.949 2.51 0.3 0.3 0.3
1.297 0.949 2.51 0.3 0.3 0.3
1.297 0.949 2.51 0.3 0.3 0.3
1.302 0.949 2.51 0.3 0.3 0.3
1.308 0.949 2.51 0.3 0.3 0.3
1.309 0.949 2.51 0.3 0.3 0.3
1.309 0.949 2.51 0.3 0.3 0.3
1.309 0.949 2.51 0.3 0.3 0.3
1.309 0.949 2.51 0.3 0.3 0.3
1.309 0.949 2.51 0.3 0.3 0.3
1.31 0.949 2.51 0.3 0.3 0.3
1.305 0.949 2.51 0.3 0.3 0.3
1.295 0.949 2.51 0.3 0.3 0.3
1.29 0.949 2.51 0.3 0.3 0.3
1.275 0.949 2.51 0.3 0.3 0.3
1.26 0.949 2.51 0.3 0.3 0.3
1.239 0.949 2.51 0.3 0.3 0.3
1.223 0.949 2.51 0.3 0.3 0.3
1.197 0.949 2.51 0.3 0.3 0.3
1.17 0.949 2.51 0.3 0.3 0.3
1.144 0.949 2.51 0.3 0.3 0.3
1.112 0.949 2.51 0.3 0.3 0.3
1.085 0.949 2.51 0.3 0.3 0.3
1.064 0.949 2.51 0.3 0.3 0.3
1.042 0.949 2.51 0.3 0.3 0.3
1.026 0.949 2.51 0.3 0.3 0.3
1.01 0.949 2.51 0.3 0.3 0.3
1.005 0.949 2.51 0.3 0.3 0.3
0.994 0.949 2.51 0.3 0.3 0.3
0.988 0.949 2.51 0.3 0.3 0.3
0.983 0.949 2.51 0.3 0.3 0.3
0.978 0.949 2.51 0.3 0.3 0.3
0.978 0.949 2.51 0.3 0.3 0.3
0.967 0.949 2.51 0.3 0.3 0.3
0.962 0.949 2.51 0.3 0.3 0.3
0.957 0.949 2.51 0.3 0.3 0.3
0.951 0.949 2.51 0.3 0.3 0.3
0.946 0.949 2.51 0.3 0.3 0.3
0.94 0.949 2.51 0.3 0.3 0.3
0.935 0.949 2.51 0.3 0.3 0.3
0.93 0.949 2.51 0.3 0.3 0.3
0.924 0.949 2.51 0.3 0.3 0.3
0.924 0.949 2.51 0.3 0.3 0.3
0.924 0.949 2.51 0.3 0.3 0.3
0.924 0.949 2.51 0.3 0.3 0.3
0.924 0.949 2.51 0.3 0.3 0.3
0.924 0.949 2.51 0.3 0.3 0.3
0.924 0.949 2.51 0.3 0.3 0.3
0.924 0.949 2.51 0.3 0.3 0.3
0.924 0.949 2.51 0.3 0.3 0.3
0.924 0.949 2.51 0.3 0.3 0.3
0.924 0.949 2.51 0.3 0.3 0.3
0.924 0.949 2.51 0.3 0.3 0.3
0.935 0.949 2.51 0.3 0.3 0.3
0.94 0.949 2.51 0.3 0.3 0.3
0.951 0.949 2.51 0.3 0.3 0.3
0.973 0.949 2.51 0.3 0.3 0.3
0.995 0.949 2.51 0.3 0.3 0.3
1.011 0.949 2.51 0.3 0.3 0.3
1.028 0.949 2.51 0.3 0.3 0.3
1.034 0.949 2.51 0.3 0.3 0.3
1.039 0.949 2.51 0.3 0.3 0.3
1.039 0.949 2.51 0.3 0.3 0.3
1.039 0.949 2.51 0.3 0.3 0.3
1.039 0.949 2.51 0.3 0.3 0.3
1.039 0.949 2.51 0.3 0.3 0.3
1.039 0.949 2.51 0.3 0.3 0.3
1.039 0.949 2.51 0.3 0.3 0.3
1.039 0.949 2.51 0.3 0.3 0.3
1.04 0.949 2.51 0.3 0.3 0.3
1.034 0.949 2.51 0.3 0.3 0.3
1.029 0.949 2.51 0.3 0.3 0.3
1.029 0.949 2.51 0.3 0.3 0.3
1.029 0.949 2.51 0.3 0.3 0.3
1.023 0.949 2.51 0.3 0.3 0.3
1.023 0.949 2.51 0.3 0.3 0.3
1.019 0.949 2.51 0.3 0.3 0.3
1.013 0.949 2.51 0.3 0.3 0.3
1.008 0.949 2.51 0.3 0.3 0.3
0.997 0.949 2.51 0.3 0.3 0.3
0.986 0.949 2.51 0.3 0.3 0.3
0.981 0.949 2.51 0.3 0.3 0.3
0.97 0.949 2.51 0.3 0.3 0.3
0.965 0.949 2.51 0.3 0.3 0.3
0.965 0.949 2.51 0.3 0.3 0.3
0.96 0.949 2.51 0.3 0.3 0.3
0.96 0.949 2.51 0.3 0.3 0.3
0.954 0.949 2.51 0.3 0.3 0.3
0.949 0.949 2.51 0.3 0.3 0.3
0.949 0.949 2.51 0.3 0.3 0.3
0.944 0.949 2.51 0.3 0.3 0.3
0.944 0.949 2.51 0.3 0.3 0.3
0.944 0.949 2.51 0.3 0.3 0.3
0.944 0.949 2.51 0.3 0.3 0.3
0.944 0.949 2.51 0.3 0.3 0.3
0.944 0.949 2.51 0.3 0.3 0.3
0.944 0.949 2.51 0.3 0.3 0.3
0.944 0.949 2.51 0.3 0.3 0.3
0.944 0.949 2.51 0.3 0.3 0.3
0.944 0.949 2.51 0.3 0.3 0.3
0.944 0.949 2.51 0.3 0.3 0.3
0.944 0.949 2.51 0.3 0.3 0.3
0.944 0.949 2.51 0.3 0.3 0.3
0.944 0.949 2.51 0.3 0.3 0.3
0.944 0.949 2.51 0.3 0.3 0.3
0.944 0.949 2.51 0.3 0.3 0.3
0.944 0.949 2.51 0.3 0.3 0.3
0.944 0.949 2.51 0.3 0.3 0.3
0.944 0.949 2.51 0.3 0.3 0.3
0.955 0.949 2.51 0.3 0.3 0.3
0.971 0.949 2.51 0.3 0.3 0.3
0.987 0.949 2.51 0.3 0.3 0.3
1.003 0.949 2.51 0.3 0.3 0.3
1.02 0.949 2.51 0.3 0.3 0.3
1.036 0.949 2.51 0.3 0.3 0.3
1.052 0.949 2.51 0.3 0.3 0.3
1.069 0.949 2.51 0.3 0.3 0.3
1.085 0.949 2.51 0.3 0.3 0.3
1.096 0.949 2.51 0.3 0.3 0.3
1.096 0.949 2.51 0.3 0.3 0.3
1.107 0.949 2.51 0.3 0.3 0.3
1.107 0.949 2.51 0.3 0.3 0.3
1.107 0.949 2.51 0.3 0.3 0.3
1.107 0.949 2.51 0.3 0.3 0.3
1.107 0.949 2.51 0.3 0.3 0.3
1.107 0.949 2.51 0.3 0.3 0.3
1.107 0.949 2.51 0.3 0.3 0.3
1.107 0.949 2.51 0.3 0.3 0.3
1.107 0.949 2.51 0.3 0.3 0.3
1.107 0.949 2.51 0.3 0.3 0.3
1.107 0.949 2.51 0.3 0.3 0.3
1.107 0.949 2.51 0.3 0.3 0.3
1.107 0.949 2.51 0.3 0.3 0.3
1.107 0.949 2.51 0.3 0.3 0.3
1.107 0.949 2.51 0.3 0.3 0.3
1.107 0.949 2.51 0.3 0.3 0.3
1.107 0.949 2.51 0.3 0.3 0.3
1.107 0.949 2.51 0.3 0.3 0.3
1.107 0.949 2.51 0.3 0.3 0.3
1.107 0.949 2.51 0.3 0.3 0.3
1.107 0.949 2.51 0.3 0.3 0.3
1.107 0.949 2.51 0.3 0.3 0.3
1.107 0.949 2.51 0.3 0.3 0.3
1.107 0.949 2.51 0.3 0.3 0.3
1.107 0.949 2.51 0.3 0.3 0.3
1.107 0.949 2.51 0.3 0.3 0.3
1.107 0.949 2.51 0.3 0.3 0.3
1.107 0.949 2.51 0.3 0.3 0.3
1.107 0.949 2.51 0.3 0.3 0.3
1.107 0.949 2.51 0.3 0.3 0.3
1.107 0.949 2.51 0.3 0.3 0.3
1.107 0.949 2.51 0.3 0.3 0.3
1.107 0.949 2.51 0.3 0.3 0.3
1.107 0.949 2.51 0.3 0.3 0.3
1.107 0.949 2.51 0.3 0.3 0.3
1.107 0.949 2.51 0.3 0.3 0.3
1.107 0.949 2.51 0.3 0.3 0.3
1.107 0.949 2.51 0.3 0.3 0.3
1.107 0.949 2.51 0.3 0.3 0.3
1.107 0.949 2.51 0.3 0.3 0.3
1.107 0.949 2.51 0.3 0.3 0.3
1.107 0.949 2.51 0.3 0.3 0.3
1.107 0.949 2.51 0.3 0.3 0.3
1.107 0.949 2.51 0.3 0.3 0.3
1.107 0.949 2.51 0.3 0.3 0.3
1.107 0.949 2.51 0.3 0.3 0.3
1.107 0.949 2.51 0.3 0.3 0.3
1.107 0.949 2.51 0.3 0.3 0.3
1.107 0.949 2.51 0.3 0.3 0.3
1.107 0.949 2.51 0.3 0.3 0.3
1.107 0.949 2.51 0.3 0.3 0.3
1.107 0.949 2.51 0.3 0.3 0.3
1.107 0.949 2.51 0.3 0.3 0.3
1.107 0.949 2.51 0.3 0.3 0.3
1.107 0.949 2.51 0.3 0.3 0.3
1.107 0.949 2.51 0.3 0.3 0.3
1.107 0.949 2.51 0.3 0.3 0.3
1.107 0.949 2.51 0.3 0.3 0.3
1.107 0.949 2.51 0.3 0.3 0.3
1.107 0.949 2.51 0.3 0.3 0.3
1.107 0.949 2.51 0.3 0.3 0.3
1.107 0.949 2.51 0.3 0.3 0.3
1.107 0.949 2.51 0.3 0.3 0.3
1.107 0.949 2.51 0.3 0.3 0.3
1.107 0.949 2.51 0.3 0.3 0.3
1.107 0.949 2.51 0.3 0.3 0.3
1.107 0.949 2.51 0.3 0.3 0.3
1.107 0.949 2.51 0.3 0.3 0.3
1.107 0.949 2.51 0.3 0.3 0.3
1.107 0.949 2.51 0.3 0.3 0.3
1.107 0.949 2.51 0.3 0.3 0.3
1.107 0.949 2.51 0.3 0.3 0.3
1.107 0.949 2.51 0.3 0.3 0.3
1.107 0.949 2.51 0.3 0.3 0.3
1.107 0.949 2.51 0.3 0.3 0.3
1.107 0.949 2.51 0.3 0.3 0.3
1.107 0.949 2.51 0.3 0.3 0.3
1.107 0.949 2.51 0.3 0.3 0.3
1.107 0.949 2.51 0.3 0.3 0.3
1.107 0.949 2.51 0.3 0.3 0.3
1.107 0.949 2.51 0.3 0.3 0.3
1.107 0.949 2.51 0.3 0.3 0.3
1.107 0.949 2.51 0.3 0.3 0.3
1.107 0.949 2.51 0.3 0.3 0.3
1.107 0.949 2.51 0.3 0.3 0.3
1.107 0.949 2.51 0.3 0.3 0.3
1.107 0.949 2.51 0.3 0.3 0.3
1.107 0.949 2.51 0.3 0.3 0.3
1.107 0.949 2.51 0.3 0.3 0.3
1.107 0.949 2.51 0.3 0.3 0.3
1.107 0.949 2.51 0.3 0.3 0.3
1.107 0.949 2.51 0.3 0.3 0.3
1.107 0.949 2.51 0.3 0.3 0.3
1.107 0.949 2.51 0.3 0.3 0.3
1.107 0.949 2.51 0.3 0.3 0.3
1.107 0.949 2.51 0.3 0.3 0.3
1.107 0.949 2.51 0.3 0.3 0.3
1.107 0.949 2.51 0.3 0.3 0.3
1.107 0.949 2.51 0.3 0.3 0.3
1.107 0.949 2.51 0.3 0.3 0.3
1.107 0.949 2.51 0.3 0.3 0.3
1.107 0.949 2.51 0.3 0.3 0.3
1.107 0.949 2.51 0.3 0.3 0.3
1.107 0.949 2.51 0.3 0.3 0.3
1.107 0.949 2.51 0.3 0.3 0.3
1.107 0.949 2.51 0.3 0.3 0.3
1.107 0.949 2.51 0.3 0.3 0.3
1.107 0.949 2.51 0.3 0.3 0.3
1.107 0.949 2.51 0.3 0.3 0.3
1.107 0.949 2.51 0.3 0.3 0.3
1.107 0.949 2.51 0.3 0.3 0.3
1.107 0.949 2.51 0.3 0.3 0.3
1.107 0.949 2.51 0.3 0.3 0.3
1.107 0.949 2.51 0.3 0.3 0.3
1.107 0.949 2.51 0.3 0.3 0.3
1.107 0.949 2.51 0.3 0.3 0.3
1.107 0.949 2.51 0.3 0.3 0.3
1.107 0.949 2.51 0.3 0.3 0.3
1.107 0.949 2.51 0.3 0.3 0.3
1.107 0.949 2.51 0.3 0.3 0.3
1.107 0.949 2.51 0.3 0.3 0.3
1.107 0.949 2.51 0.3 0.3 0.3
1.107 0.949 2.51 0.3 0.3 0.3
1.107 0.949 2.51 0.3 0.3 0.3
1.107 0.949 2.51 0.3 0.3 0.3
1.107 0.949 2.51 0.3 0.3 0.3
1.107 0.949 2.51 0.3 0.3 0.3
1.107 0.949 2.51 0.3 0.3 0.3
1.107 0.949 2.51 0.3 0.3 0.3
1.107 0.949 2.51 0.3 0.3 0.3
1.107 0.949 2.51 0.3 0.3 0.3
1.107 0.949 2.51 0.3 0.3 0.3
1.107 0.949 2.51 0.3 0.3 0.3
1.107 0.949 2.51 0.3 0.3 0.3
1.107 0.949 2.51 0.3 0.3 0.3
1.107 0.949 2.51 0.3 0.3 0.3
1.107 0.949 2.51 0.3 0.3 0.3
1.107 0.949 2.51 0.3 0.3 0.3
1.107 0.949 2.51 0.3 0.3 0.3
1.107 0.949 2.51 0.3 0.3 0.3
1.107 0.949 2.51 0.3 0.3 0.3
1.107 0.949 2.51 0.3 0.3 0.3
1.107 0.949 2.51 0.3 0.3 0.3
1.107 0.949 2.51 0.3 0.3 0.3
1.107 0.949 2.51 0.3 0.3 0.3
1.107 0.949 2.51 0.3 0.3 0.3
1.107 0.949 2.51 0.3 0.3 0.3
1.107 0.949 2.51 0.3 0.3 0.3
1.107 0.949 2.51 0.3 0.3 0.3
1.107 0.949 2.51 0.3 0.3 0.3
1.107 0.949 2.51 0.3 0.3 0.3
1.107 0.949 2.51 0.3 0.3 0.3
1.107 0.949 2.51 0.3 0.3 0.3
1.107 0.949 2.51 0.3 0.3 0.3
1.107 0.949 2.51 0.3 0.3 0.3
1.107 0.949 2.51 0.3 0.3 0.3
1.107 0.949 2.51 0.3 0.3 0.3
1.107 0.949 2.51 0.3 0.3 0.3
1.107 0.949 2.51 0.3 0.3 0.3
1.107 0.949 2.51 0.3 0.3 0.3
1.107 0.949 2.51 0.3 0.3 0.3
1.107 0.949 2.51 0.3 0.3 0.3
1.107 0.949 2.51 0.3 0.3 0.3
1.107 0.949 2.51 0.3 0.3 0.3
1.107 0.949 2.51 0.3 0.3 0.3
1.107 0.949 2.51 0.3 0.3 0.3
1.107 0.949 2.51 0.3 0.3 0.3
1.107 0.949 2.51 0.3 0.3 0.3
1.107 0.949 2.51 0.3 0.3 0.3
1.107 0.949 2.51 0.3 0.3 0.3
1.107 0.949 2.51 0.3 0.3 0.3
1.107 0.949 2.51 0.3 0.3 0.3
1.107 0.949 2.51 0.3 0.3 0.3
1.107 0.949 2.51 0.3 0.3 0.3
1.107 0.949 2.51 0.3 0.3 0.3
1.107 0.949 2.51 0.3 0.3 0.3
1.107 0.949 2.51 0.3 0.3 0.3
