2.851495 1.859 3.588209 0.5 0.5 0.5
2.851495 1.859 3.588209 0.5 0.5 0.5
2.851495 1.859 3.588209 0.5 0.5 0.5
2.851495 1.859 3.588209 0.5 0.5 0.5
2.851495 1.859 3.588209 0.5 0.5 0.5
2.851495 1.859 3.588209 0.5 0.5 0.5
2.851495 1.859 3.588209 0.5 0.5 0.5
2.851495 1.859 3.588209 0.5 0.5 0.5
2.851495 1.859 3.588209 0.5 0.5 0.5
2.851495 1.859 3.588209 0.5 0.5 0.5
2.851495 1.859 3.588209 0.5 0.5 0.5
2.851495 1.859 3.588209 0.5 0.5 0.5
2.851495 1.859 3.588209 0.5 0.5 0.5
2.851495 1.859 3.588209 0.5 0.5 0.5
2.851495 1.859 3.588209 0.5 0.5 0.5
2.851495 1.859 3.588209 0.5 0.5 0.5
2.851495 1.859 3.588209 0.5 0.5 0.5
2.851495 1.859 3.588209 0.5 0.5 0.5
2.851495 1.859 3.588209 0.5 0.5 0.5
2.851495 1.859 3.588209 0.5 0.5 0.5
2.851495 1.859 3.588209 0.5 0.5 0.5
2.851495 1.859 3.588209 0.5 0.5 0.5
2.851495 1.859 3.588209 0.5 0.5 0.5
2.851495 1.859 3.588209 0.5 0.5 0.5
2.851495 1.859 3.588209 0.5 0.5 0.5
2.851495 1.859 3.588209 0.5 0.5 0.5
2.851495 1.859 3.588209 0.5 0.5 0.5
2.851495 1.859 3.588209 0.5 0.5 0.5
2.851495 1.859 3.588209 0.5 0.5 0.5
2.851495 1.859 3.588209 0.5 0.5 0.5
2.851495 1.859 3.588209 0.5 0.5 0.5
2.851495 1.859 3.588209 0.5 0.5 0.5
2.851495 1.859 3.588209 0.5 0.5 0.5
2.851495 1.859 3.588209 0.5 0.5 0.5
2.851495 1.859 3.588209 0.5 0.5 0.5
2.851495 1.859 3.588209 0.5 0.5 0.5
2.851495 1.859 3.588209 0.5 0.5 0.5
2.851495 1.859 3.588209 0.5 0.5 0.5
2.851495 1.859 3.588209 0.5 0.5 0.5
2.851495 1.859 3.588209 0.5 0.5 0.5
2.851495 1.859 3.588209 0.5 0.5 0.5
2.851495 1.859 3.588209 0.5 0.5 0.5
2.851495 1.859 3.588209 0.5 0.5 0.5
2.851495 1.859 3.588209 0.5 0.5 0.5
2.851495 1.859 3.588209 0.5 0.5 0.5
2.851495 1.859 3.588209 0.5 0.5 0.5
2.851495 1.859 3.588209 0.5 0.5 0.5
2.851495 1.859 3.588209 0.5 0.5 0.5
2.851495 1.859 3.588209 0.5 0.5 0.5
2.851495 1.859 3.588209 0.5 0.5 0.5
2.851495 1.859 3.588209 0.5 0.5 0.5
2.851495 1.859 3.588209 0.5 0.5 0.5
2.851495 1.859 3.588209 0.5 0.5 0.5
2.851495 1.859 3.588209 0.5 0.5 0.5
2.851495 1.859 3.588209 0.5 0.5 0.5
2.851495 1.859 3.588209 0.5 0.5 0.5
2.851495 1.859 3.588209 0.5 0.5 0.5
2.851495 1.859 3.588209 0.5 0.5 0.5
2.851495 1.859 3.588209 0.5 0.5 0.5
2.851495 1.859 3.588209 0.5 0.5 0.5
2.851495 1.859 3.588209 0.5 0.5 0.5
2.851495 1.859 3.588209 0.5 0.5 0.5
2.851495 1.859 3.588209 0.5 0.5 0.5
2.851495 1.859 3.588209 0.5 0.5 0.5
2.851495 1.859 3.588209 0.5 0.5 0.5
2.851495 1.859 3.588209 0.5 0.5 0.5
2.851495 1.859 3.588209 0.5 0.5 0.5
2.851495 1.859 3.588209 0.5 0.5 0.5
2.851495 1.859 3.588209 0.5 0.5 0.5
2.851495 1.859 3.588209 0.5 0.5 0.5
2.851495 1.859 3.588209 0.5 0.5 0.5
2.851495 1.859 3.588209 0.5 0.5 0.5
2.851495 1.859 3.588209 0.5 0.5 0.5
2.851495 1.859 3.588209 0.5 0.5 0.5
2.851495 1.859 3.588209 0.5 0.5 0.5
2.851495 1.859 3.588209 0.5 0.5 0.5
2.851495 1.859 3.588209 0.5 0.5 0.5
2.851495 1.859 3.588209 0.5 0.5 0.5
2.851495 1.859 3.588209 0.5 0.5 0.5
2.851495 1.859 3.588209 0.5 0.5 0.5
2.851495 1.859 3.588209 0.5 0.5 0.5
2.851495 1.859 3.588209 0.5 0.5 0.5
2.851495 1.859 3.588209 0.5 0.5 0.5
2.851495 1.859 3.588209 0.5 0.5 0.5
2.851495 1.859 3.588209 0.5 0.5 0.5
2.851495 1.859 3.588209 0.5 0.5 0.5
2.851495 1.859 3.588209 0.5 0.5 0.5
2.851495 1.859 3.588209 0.5 0.5 0.5
2.851495 1.859 3.588209 0.5 0.5 0.5
2.851495 1.859 3.588209 0.5 0.5 0.5
2.851495 1.859 3.588209 0.5 0.5 0.5
2.851495 1.859 3.588209 0.5 0.5 0.5
2.851495 1.859 3.588209 0.5 0.5 0.5
2.851495 1.859 3.588209 0.5 0.5 0.5
2.851495 1.859 3.588209 0.5 0.5 0.5
2.851495 1.859 3.588209 0.5 0.5 0.5
2.851495 1.859 3.588209 0.5 0.5 0.5
2.851495 1.859 3.588209 0.5 0.5 0.5
2.851495 1.859 3.588209 0.5 0.5 0.5
2.851495 1.859 3.588209 0.5 0.5 0.5
2.851495 1.859 3.588209 0.5 0.5 0.5
2.851495 1.859 3.588209 0.5 0.5 0.5
2.851495 1.859 3.588209 0.5 0.5 0.5
2.851495 1.859 3.588209 0.5 0.5 0.5
2.851495 1.859 3.588209 0.5 0.5 0.5
2.851495 1.859 3.588209 0.5 0.5 0.5
2.851495 1.859 3.588209 0.5 0.5 0.5
2.851495 1.859 3.588209 0.5 0.5 0.5
2.851495 1.859 3.588209 0.5 0.5 0.5
2.851495 1.859 3.588209 0.5 0.5 0.5
2.851495 1.859 3.588209 0.5 0.5 0.5
2.851495 1.859 3.588209 0.5 0.5 0.5
2.851495 1.859 3.588209 0.5 0.5 0.5
2.851495 1.859 3.588209 0.5 0.5 0.5
2.851495 1.859 3.588209 0.5 0.5 0.5
2.851495 1.859 3.588209 0.5 0.5 0.5
2.851495 1.859 3.588209 0.5 0.5 0.5
2.851495 1.859 3.588209 0.5 0.5 0.5
2.851495 1.859 3.588209 0.5 0.5 0.5
2.851495 1.859 3.588209 0.5 0.5 0.5
2.851495 1.859 3.588209 0.5 0.5 0.5
2.851495 1.859 3.588209 0.5 0.5 0.5
2.851495 1.859 3.588209 0.5 0.5 0.5
2.851495 1.859 3.588209 0.5 0.5 0.5
2.851495 1.859 3.588209 0.5 0.5 0.5
2.851495 1.859 3.588209 0.5 0.5 0.5
2.851495 1.859 3.588209 0.5 0.5 0.5
2.851495 1.859 3.588209 0.5 0.5 0.5
2.851495 1.859 3.588209 0.5 0.5 0.5
2.851495 1.859 3.578 0.5 0.5 0.5
2.851495 1.859 3.558 0.5 0.5 0.5
2.851495 1.859 3.542 0.5 0.5 0.5
2.851495 1.859 3.521 0.5 0.5 0.5
2.851495 1.859 3.484 0.5 0.5 0.5
2.851495 1.859 3.462 0.5 0.5 0.5
2.851495 1.859 3.451 0.5 0.5 0.5
2.851495 1.859 3.446 0.5 0.5 0.5
2.851495 1.859 3.434 0.5 0.5 0.5
2.851495 1.859 3.434 0.5 0.5 0.5
2.851495 1.859 3.43 0.5 0.5 0.5
2.851495 1.859 3.411 0.5 0.5 0.5
2.851495 1.859 3.411 0.5 0.5 0.5
2.851495 1.859 3.399 0.5 0.5 0.5
2.851495 1.859 3.399 0.5 0.5 0.5
2.851495 1.859 3.375 0.5 0.5 0.5
2.851495 1.859 3.35 0.5 0.5 0.5
2.851495 1.859 3.333 0.5 0.5 0.5
2.851495 1.859 3.327 0.5 0.5 0.5
2.851495 1.859 3.32 0.5 0.5 0.5
2.851495 1.859 3.312 0.5 0.5 0.5
2.851495 1.859 3.307 0.5 0.5 0.5
2.851495 1.859 3.307 0.5 0.5 0.5
2.851495 1.859 3.307 0.5 0.5 0.5
2.851495 1.859 3.299 0.5 0.5 0.5
2.851495 1.859 3.299 0.5 0.5 0.5
2.851495 1.859 3.299 0.5 0.5 0.5
2.851495 1.859 3.286 0.5 0.5 0.5
2.851495 1.859 3.286 0.5 0.5 0.5
2.851495 1.859 3.28 0.5 0.5 0.5
2.851495 1.859 3.28 0.5 0.5 0.5
2.851495 1.859 3.28 0.5 0.5 0.5
2.851495 1.859 3.28 0.5 0.5 0.5
2.851495 1.859 3.28 0.5 0.5 0.5
2.851495 1.859 3.28 0.5 0.5 0.5
2.851495 1.859 3.28 0.5 0.5 0.5
2.851495 1.859 3.28 0.5 0.5 0.5
2.851495 1.859 3.296 0.5 0.5 0.5
2.851495 1.859 3.317 0.5 0.5 0.5
2.851495 1.859 3.322 0.5 0.5 0.5
2.851495 1.859 3.322 0.5 0.5 0.5
2.851495 1.859 3.322 0.5 0.5 0.5
2.851495 1.859 3.322 0.5 0.5 0.5
2.851495 1.859 3.322 0.5 0.5 0.5
2.851495 1.859 3.322 0.5 0.5 0.5
2.851495 1.859 3.322 0.5 0.5 0.5
2.851495 1.859 3.322 0.5 0.5 0.5
2.851495 1.859 3.322 0.5 0.5 0.5
2.851495 1.859 3.322 0.5 0.5 0.5
2.851495 1.859 3.322 0.5 0.5 0.5
2.851495 1.859 3.322 0.5 0.5 0.5
2.851495 1.859 3.322 0.5 0.5 0.5
2.851495 1.859 3.322 0.5 0.5 0.5
2.851495 1.859 3.322 0.5 0.5 0.5
2.851495 1.859 3.322 0.5 0.5 0.5
2.851495 1.859 3.322 0.5 0.5 0.5
2.851495 1.859 3.322 0.5 0.5 0.5
2.851495 1.859 3.322 0.5 0.5 0.5
2.851495 1.859 3.322 0.5 0.5 0.5
2.851495 1.859 3.322 0.5 0.5 0.5
2.851495 1.859 3.322 0.5 0.5 0.5
2.851495 1.859 3.322 0.5 0.5 0.5
2.851495 1.859 3.322 0.5 0.5 0.5
2.851495 1.859 3.322 0.5 0.5 0.5
2.851495 1.859 3.322 0.5 0.5 0.5
2.851495 1.859 3.322 0.5 0.5 0.5
2.851495 1.859 3.322 0.5 0.5 0.5
2.851495 1.859 3.322 0.5 0.5 0.5
2.851495 1.859 3.322 0.5 0.5 0.5
2.851495 1.854 3.322 0.5 0.5 0.5
2.851495 1.836 3.322 0.5 0.5 0.5
2.851495 1.813 3.322 0.5 0.5 0.5
2.851495 1.781 3.322 0.5 0.5 0.5
2.851495 1.739 3.322 0.5 0.5 0.5
2.851495 1.687 3.322 0.5 0.5 0.5
2.851495 1.639 3.322 0.5 0.5 0.5
2.851495 1.571 3.322 0.5 0.5 0.5
2.851495 1.516 3.322 0.5 0.5 0.5
2.851495 1.471 3.322 0.5 0.5 0.5
2.851495 1.43 3.322 0.5 0.5 0.5
2.851495 1.399 3.322 0.5 0.5 0.5
2.851495 1.378 3.322 0.5 0.5 0.5
2.851495 1.358 3.322 0.5 0.5 0.5
2.851495 1.337 3.322 0.5 0.5 0.5
2.851495 1.326 3.322 0.5 0.5 0.5
2.851495 1.315 3.322 0.5 0.5 0.5
2.851495 1.305 3.322 0.5 0.5 0.5
2.851495 1.289 3.322 0.5 0.5 0.5
2.851495 1.273 3.322 0.5 0.5 0.5
2.851495 1.246 3.322 0.5 0.5 0.5
2.851495 1.224 3.322 0.5 0.5 0.5
2.851495 1.214 3.322 0.5 0.5 0.5
2.851495 1.214 3.322 0.5 0.5 0.5
2.851495 1.214 3.322 0.5 0.5 0.5
2.851495 1.214 3.322 0.5 0.5 0.5
2.851495 1.214 3.322 0.5 0.5 0.5
2.851495 1.214 3.322 0.5 0.5 0.5
2.851495 1.214 3.322 0.5 0.5 0.5
2.851495 1.214 3.322 0.5 0.5 0.5
2.851495 1.214 3.322 0.5 0.5 0.5
2.851495 1.214 3.322 0.5 0.5 0.5
2.851495 1.214 3.322 0.5 0.5 0.5
2.851495 1.214 3.322 0.5 0.5 0.5
2.851495 1.214 3.322 0.5 0.5 0.5
2.851495 1.214 3.322 0.5 0.5 0.5
2.851495 1.214 3.322 0.5 0.5 0.5
2.851495 1.214 3.322 0.5 0.5 0.5
2.851495 1.214 3.322 0.5 0.5 0.5
2.851495 1.214 3.322 0.5 0.5 0.5
2.851495 1.214 3.322 0.5 0.5 0.5
2.851495 1.214 3.322 0.5 0.5 0.5
2.851495 1.214 3.322 0.5 0.5 0.5
2.851495 1.214 3.322 0.5 0.5 0.5
2.851495 1.214 3.322 0.5 0.5 0.5
2.851495 1.214 3.322 0.5 0.5 0.5
2.851495 1.214 3.322 0.5 0.5 0.5
2.851495 1.214 3.322 0.5 0.5 0.5
2.851495 1.214 3.322 0.5 0.5 0.5
2.851495 1.214 3.322 0.5 0.5 0.5
2.851495 1.214 3.322 0.5 0.5 0.5
2.851495 1.214 3.314 0.5 0.5 0.5
2.851495 1.214 3.308 0.5 0.5 0.5
2.851495 1.214 3.296 0.5 0.5 0.5
2.851495 1.214 3.289 0.5 0.5 0.5
2.851495 1.214 3.283 0.5 0.5 0.5
2.851495 1.214 3.275 0.5 0.5 0.5
2.851495 1.214 3.268 0.5 0.5 0.5
2.851495 1.214 3.262 0.5 0.5 0.5
2.851495 1.214 3.262 0.5 0.5 0.5
2.851495 1.214 3.256 0.5 0.5 0.5
2.851495 1.214 3.25 0.5 0.5 0.5
2.851495 1.214 3.247 0.5 0.5 0.5
2.851495 1.214 3.234 0.5 0.5 0.5
2.851495 1.214 3.234 0.5 0.5 0.5
2.851495 1.214 3.225 0.5 0.5 0.5
2.851495 1.214 3.219 0.5 0.5 0.5
2.851495 1.214 3.206 0.5 0.5 0.5
2.851495 1.214 3.197 0.5 0.5 0.5
2.851495 1.214 3.19 0.5 0.5 0.5
2.851495 1.214 3.181 0.5 0.5 0.5
2.851495 1.214 3.174 0.5 0.5 0.5
2.851495 1.214 3.167 0.5 0.5 0.5
2.851495 1.214 3.158 0.5 0.5 0.5
2.851495 1.214 3.144 0.5 0.5 0.5
2.851495 1.214 3.134 0.5 0.5 0.5
2.851495 1.214 3.12 0.5 0.5 0.5
2.851495 1.214 3.103 0.5 0.5 0.5
2.851495 1.214 3.096 0.5 0.5 0.5
2.851495 1.214 3.072 0.5 0.5 0.5
2.851495 1.214 3.061 0.5 0.5 0.5
2.851495 1.214 3.046 0.5 0.5 0.5
2.851495 1.214 3.039 0.5 0.5 0.5
2.851495 1.214 3.021 0.5 0.5 0.5
2.851495 1.214 3.003 0.5 0.5 0.5
2.851495 1.214 2.987 0.5 0.5 0.5
2.851495 1.214 2.96 0.5 0.5 0.5
2.851495 1.214 2.933 0.5 0.5 0.5
2.851495 1.214 2.914 0.5 0.5 0.5
2.851495 1.214 2.894 0.5 0.5 0.5
2.851495 1.214 2.885 0.5 0.5 0.5
2.851495 1.214 2.877 0.5 0.5 0.5
2.851495 1.214 2.877 0.5 0.5 0.5
2.851495 1.214 2.865 0.5 0.5 0.5
2.851495 1.214 2.857 0.5 0.5 0.5
2.851495 1.214 2.845 0.5 0.5 0.5
2.851495 1.214 2.836 0.5 0.5 0.5
2.851495 1.214 2.827 0.5 0.5 0.5
2.851495 1.214 2.815 0.5 0.5 0.5
2.851495 1.214 2.806 0.5 0.5 0.5
2.851495 1.214 2.794 0.5 0.5 0.5
2.851495 1.214 2.785 0.5 0.5 0.5
2.851495 1.214 2.772 0.5 0.5 0.5
2.851495 1.214 2.759 0.5 0.5 0.5
2.851495 1.214 2.75 0.5 0.5 0.5
2.851495 1.214 2.728 0.5 0.5 0.5
2.851495 1.214 2.718 0.5 0.5 0.5
2.851495 1.214 2.705 0.5 0.5 0.5
2.851495 1.214 2.696 0.5 0.5 0.5
2.851495 1.214 2.672 0.5 0.5 0.5
2.851495 1.214 2.672 0.5 0.5 0.5
2.851495 1.214 2.659 0.5 0.5 0.5
2.851495 1.214 2.649 0.5 0.5 0.5
2.851495 1.214 2.625 0.5 0.5 0.5
2.851495 1.214 2.625 0.5 0.5 0.5
2.851495 1.214 2.615 0.5 0.5 0.5
2.851495 1.214 2.601 0.5 0.5 0.5
2.851495 1.214 2.58 0.5 0.5 0.5
2.851495 1.214 2.566 0.5 0.5 0.5
2.851495 1.214 2.53 0.5 0.5 0.5
2.851495 1.214 2.519 0.5 0.5 0.5
2.851495 1.214 2.494 0.5 0.5 0.5
2.851495 1.214 2.472 0.5 0.5 0.5
2.851495 1.214 2.456 0.5 0.5 0.5
2.851495 1.214 2.418 0.5 0.5 0.5
2.851495 1.214 2.406 0.5 0.5 0.5
2.851495 1.214 2.378 0.5 0.5 0.5
2.851495 1.214 2.367 0.5 0.5 0.5
2.851495 1.214 2.35 0.5 0.5 0.5
2.851495 1.214 2.326 0.5 0.5 0.5
2.851495 1.214 2.314 0.5 0.5 0.5
2.851495 1.214 2.302 0.5 0.5 0.5
2.851495 1.214 2.302 0.5 0.5 0.5
2.851495 1.214 2.302 0.5 0.5 0.5
2.851495 1.214 2.297 0.5 0.5 0.5
2.851495 1.214 2.284 0.5 0.5 0.5
2.851495 1.214 2.284 0.5 0.5 0.5
2.851495 1.214 2.284 0.5 0.5 0.5
2.851495 1.214 2.272 0.5 0.5 0.5
2.851495 1.214 2.272 0.5 0.5 0.5
2.851495 1.214 2.259 0.5 0.5 0.5
2.851495 1.214 2.259 0.5 0.5 0.5
2.851495 1.214 2.247 0.5 0.5 0.5
2.851495 1.214 2.229 0.5 0.5 0.5
2.851495 1.214 2.216 0.5 0.5 0.5
2.851495 1.214 2.203 0.5 0.5 0.5
2.851495 1.214 2.19 0.5 0.5 0.5
2.851495 1.214 2.177 0.5 0.5 0.5
2.851495 1.214 2.172 0.5 0.5 0.5
2.851495 1.214 2.159 0.5 0.5 0.5
2.851495 1.214 2.14 0.5 0.5 0.5
2.851495 1.214 2.126 0.5 0.5 0.5
2.851495 1.214 2.113 0.5 0.5 0.5
2.851495 1.214 2.085 0.5 0.5 0.5
2.851495 1.214 2.066 0.5 0.5 0.5
2.851495 1.214 2.066 0.5 0.5 0.5
2.851495 1.214 2.051 0.5 0.5 0.5
2.851495 1.214 2.051 0.5 0.5 0.5
2.851495 1.214 2.032 0.5 0.5 0.5
2.851495 1.214 2.017 0.5 0.5 0.5
2.851495 1.214 2.017 0.5 0.5 0.5
2.851495 1.214 2.003 0.5 0.5 0.5
2.851495 1.214 1.988 0.5 0.5 0.5
2.851495 1.214 1.982 0.5 0.5 0.5
2.851495 1.214 1.953 0.5 0.5 0.5
2.851495 1.214 1.932 0.5 0.5 0.5
2.851495 1.214 1.916 0.5 0.5 0.5
2.851495 1.214 1.901 0.5 0.5 0.5
2.851495 1.214 1.88 0.5 0.5 0.5
2.851495 1.214 1.864 0.5 0.5 0.5
2.851495 1.214 1.848 0.5 0.5 0.5
2.851495 1.214 1.81 0.5 0.5 0.5
2.851495 1.214 1.794 0.5 0.5 0.5
2.851495 1.214 1.777 0.5 0.5 0.5
2.851495 1.214 1.771 0.5 0.5 0.5
2.851495 1.214 1.755 0.5 0.5 0.5
2.851495 1.214 1.748 0.5 0.5 0.5
2.851495 1.214 1.731 0.5 0.5 0.5
2.851495 1.214 1.714 0.5 0.5 0.5
2.851495 1.214 1.697 0.5 0.5 0.5
2.851495 1.214 1.697 0.5 0.5 0.5
2.851495 1.214 1.697 0.5 0.5 0.5
2.851495 1.214 1.697 0.5 0.5 0.5
2.851495 1.214 1.697 0.5 0.5 0.5
2.851495 1.214 1.697 0.5 0.5 0.5
2.851495 1.214 1.697 0.5 0.5 0.5
2.851495 1.214 1.697 0.5 0.5 0.5
2.851495 1.214 1.697 0.5 0.5 0.5
2.851495 1.214 1.697 0.5 0.5 0.5
2.851495 1.214 1.748 0.5 0.5 0.5
2.851495 1.214 1.787 0.5 0.5 0.5
2.851495 1.214 1.82 0.5 0.5 0.5
2.851495 1.214 1.858 0.5 0.5 0.5
2.851495 1.214 1.91 0.5 0.5 0.5
2.851495 1.214 1.968 0.5 0.5 0.5
2.851495 1.214 2.003 0.5 0.5 0.5
2.851495 1.214 2.051 0.5 0.5 0.5
2.851495 1.214 2.104 0.5 0.5 0.5
2.851495 1.214 2.137 0.5 0.5 0.5
2.851495 1.214 2.182 0.5 0.5 0.5
2.851495 1.214 2.226 0.5 0.5 0.5
2.851495 1.214 2.274 0.5 0.5 0.5
2.851495 1.214 2.316 0.5 0.5 0.5
2.851495 1.214 2.357 0.5 0.5 0.5
2.851495 1.214 2.401 0.5 0.5 0.5
2.851495 1.214 2.445 0.5 0.5 0.5
2.851495 1.214 2.483 0.5 0.5 0.5
2.851495 1.214 2.534 0.5 0.5 0.5
2.851495 1.214 2.57 0.5 0.5 0.5
2.851495 1.214 2.619 0.5 0.5 0.5
2.851495 1.214 2.667 0.5 0.5 0.5
2.851495 1.214 2.713 0.5 0.5 0.5
2.851495 1.214 2.748 0.5 0.5 0.5
2.851495 1.214 2.78 0.5 0.5 0.5
2.851495 1.214 2.813 0.5 0.5 0.5
2.851495 1.214 2.852 0.5 0.5 0.5
2.851495 1.214 2.876 0.5 0.5 0.5
2.851495 1.214 2.916 0.5 0.5 0.5
2.851495 1.214 2.943 0.5 0.5 0.5
2.851495 1.214 2.966 0.5 0.5 0.5
2.851495 1.214 2.985 0.5 0.5 0.5
2.851495 1.214 2.992 0.5 0.5 0.5
2.851495 1.214 3.011 0.5 0.5 0.5
2.851495 1.214 3.022 0.5 0.5 0.5
2.851495 1.214 3.04 0.5 0.5 0.5
2.851495 1.214 3.058 0.5 0.5 0.5
2.851495 1.214 3.068 0.5 0.5 0.5
2.851495 1.214 3.075 0.5 0.5 0.5
2.851495 1.214 3.096 0.5 0.5 0.5
2.851495 1.214 3.103 0.5 0.5 0.5
2.851495 1.214 3.103 0.5 0.5 0.5
2.851495 1.214 3.103 0.5 0.5 0.5
2.851495 1.214 3.103 0.5 0.5 0.5
2.851495 1.214 3.103 0.5 0.5 0.5
2.851495 1.214 3.103 0.5 0.5 0.5
2.851495 1.214 3.103 0.5 0.5 0.5
2.851495 1.214 3.103 0.5 0.5 0.5
2.851495 1.214 3.103 0.5 0.5 0.5
2.851495 1.214 3.103 0.5 0.5 0.5
2.851495 1.214 3.103 0.5 0.5 0.5
2.851495 1.214 3.103 0.5 0.5 0.5
2.851495 1.214 3.103 0.5 0.5 0.5
2.851495 1.214 3.103 0.5 0.5 0.5
2.851495 1.214 3.103 0.5 0.5 0.5
2.851495 1.214 3.103 0.5 0.5 0.5
2.851495 1.214 3.103 0.5 0.5 0.5
2.851495 1.214 3.103 0.5 0.5 0.5
2.851495 1.214 3.103 0.5 0.5 0.5
2.851495 1.214 3.103 0.5 0.5 0.5
2.851495 1.214 3.103 0.5 0.5 0.5
2.851495 1.214 3.103 0.5 0.5 0.5
2.851495 1.214 3.103 0.5 0.5 0.5
2.851495 1.214 3.103 0.5 0.5 0.5
2.851495 1.214 3.103 0.5 0.5 0.5
2.851495 1.214 3.103 0.5 0.5 0.5
2.851495 1.214 3.103 0.5 0.5 0.5
2.851495 1.214 3.103 0.5 0.5 0.5
2.851495 1.214 3.103 0.5 0.5 0.5
2.851495 1.214 3.103 0.5 0.5 0.5
2.851495 1.214 3.103 0.5 0.5 0.5
2.851495 1.214 3.103 0.5 0.5 0.5
2.862 1.214 3.103 0.5 0.5 0.5
2.878 1.214 3.103 0.5 0.5 0.5
2.899 1.214 3.103 0.5 0.5 0.5
2.925 1.214 3.103 0.5 0.5 0.5
2.946 1.214 3.103 0.5 0.5 0.5
2.962 1.214 3.103 0.5 0.5 0.5
2.973 1.214 3.103 0.5 0.5 0.5
2.988 1.214 3.103 0.5 0.5 0.5
3.009 1.214 3.103 0.5 0.5 0.5
3.03 1.214 3.103 0.5 0.5 0.5
3.051 1.214 3.103 0.5 0.5 0.5
3.072 1.214 3.103 0.5 0.5 0.5
3.077 1.214 3.103 0.5 0.5 0.5
3.082 1.214 3.103 0.5 0.5 0.5
3.092 1.214 3.103 0.5 0.5 0.5
3.113 1.214 3.103 0.5 0.5 0.5
3.169 1.214 3.103 0.5 0.5 0.5
3.215 1.214 3.103 0.5 0.5 0.5
3.241 1.214 3.103 0.5 0.5 0.5
3.241 1.214 3.103 0.5 0.5 0.5
3.241 1.214 3.103 0.5 0.5 0.5
3.241 1.214 3.103 0.5 0.5 0.5
3.241 1.214 3.103 0.5 0.5 0.5
3.241 1.214 3.103 0.5 0.5 0.5
3.241 1.214 3.103 0.5 0.5 0.5
3.241 1.214 3.103 0.5 0.5 0.5
3.241 1.214 3.103 0.5 0.5 0.5
3.241 1.214 3.103 0.5 0.5 0.5
3.241 1.214 3.103 0.5 0.5 0.5
3.241 1.214 3.103 0.5 0.5 0.5
3.241 1.214 3.103 0.5 0.5 0.5
3.241 1.214 3.103 0.5 0.5 0.5
3.241 1.214 3.103 0.5 0.5 0.5
3.241 1.214 3.103 0.5 0.5 0.5
3.241 1.214 3.103 0.5 0.5 0.5
3.241 1.214 3.103 0.5 0.5 0.5
3.241 1.214 3.103 0.5 0.5 0.5
3.241 1.214 3.103 0.5 0.5 0.5
3.241 1.214 3.103 0.5 0.5 0.5
3.241 1.214 3.103 0.5 0.5 0.5
3.241 1.214 3.103 0.5 0.5 0.5
3.241 1.214 3.103 0.5 0.5 0.5
3.241 1.214 3.103 0.5 0.5 0.5
3.241 1.214 3.103 0.5 0.5 0.5
3.241 1.214 3.103 0.5 0.5 0.5
3.241 1.214 3.103 0.5 0.5 0.5
3.241 1.214 3.103 0.5 0.5 0.5
3.241 1.214 3.103 0.5 0.5 0.5
3.241 1.214 3.103 0.5 0.5 0.5
3.241 1.214 3.103 0.5 0.5 0.5
3.241 1.214 3.103 0.5 0.5 0.5
3.241 1.214 3.103 0.5 0.5 0.5
3.241 1.214 3.103 0.5 0.5 0.5
3.241 1.214 3.103 0.5 0.5 0.5
3.241 1.214 3.103 0.5 0.5 0.5
3.241 1.214 3.102 0.5 0.5 0.5
3.241 1.214 3.093 0.5 0.5 0.5
3.241 1.214 3.077 0.5 0.5 0.5
3.241 1.214 3.061 0.5 0.5 0.5
3.241 1.214 3.045 0.5 0.5 0.5
3.241 1.214 3.027 0.5 0.5 0.5
3.241 1.214 3.011 0.5 0.5 0.5
3.241 1.214 2.993 0.5 0.5 0.5
3.241 1.214 2.977 0.5 0.5 0.5
3.241 1.214 2.96 0.5 0.5 0.5
3.241 1.214 2.95 0.5 0.5 0.5
3.241 1.214 2.941 0.5 0.5 0.5
3.241 1.214 2.924 0.5 0.5 0.5
3.241 1.214 2.915 0.5 0.5 0.5
3.241 1.214 2.906 0.5 0.5 0.5
3.241 1.214 2.896 0.5 0.5 0.5
3.241 1.214 2.887 0.5 0.5 0.5
3.241 1.214 2.878 0.5 0.5 0.5
3.241 1.214 2.869 0.5 0.5 0.5
3.241 1.214 2.86 0.5 0.5 0.5
3.241 1.214 2.851 0.5 0.5 0.5
3.241 1.214 2.842 0.5 0.5 0.5
3.241 1.214 2.831 0.5 0.5 0.5
3.241 1.214 2.822 0.5 0.5 0.5
3.241 1.214 2.812 0.5 0.5 0.5
3.241 1.214 2.812 0.5 0.5 0.5
3.241 1.214 2.803 0.5 0.5 0.5
3.241 1.214 2.783 0.5 0.5 0.5
3.241 1.214 2.774 0.5 0.5 0.5
3.241 1.214 2.764 0.5 0.5 0.5
3.241 1.214 2.744 0.5 0.5 0.5
3.241 1.214 2.734 0.5 0.5 0.5
3.241 1.214 2.704 0.5 0.5 0.5
3.241 1.214 2.695 0.5 0.5 0.5
3.241 1.214 2.674 0.5 0.5 0.5
3.241 1.214 2.653 0.5 0.5 0.5
3.241 1.214 2.632 0.5 0.5 0.5
3.241 1.214 2.61 0.5 0.5 0.5
3.241 1.214 2.599 0.5 0.5 0.5
3.241 1.214 2.579 0.5 0.5 0.5
3.241 1.214 2.556 0.5 0.5 0.5
3.241 1.214 2.545 0.5 0.5 0.5
3.241 1.214 2.522 0.5 0.5 0.5
3.241 1.214 2.51 0.5 0.5 0.5
3.241 1.214 2.487 0.5 0.5 0.5
3.241 1.214 2.475 0.5 0.5 0.5
3.241 1.214 2.463 0.5 0.5 0.5
3.241 1.214 2.451 0.5 0.5 0.5
3.241 1.214 2.438 0.5 0.5 0.5
3.241 1.214 2.426 0.5 0.5 0.5
3.241 1.214 2.416 0.5 0.5 0.5
3.241 1.214 2.391 0.5 0.5 0.5
3.241 1.214 2.378 0.5 0.5 0.5
3.241 1.214 2.356 0.5 0.5 0.5
3.241 1.214 2.33 0.5 0.5 0.5
3.241 1.214 2.305 0.5 0.5 0.5
3.241 1.214 2.278 0.5 0.5 0.5
3.241 1.214 2.251 0.5 0.5 0.5
3.241 1.214 2.225 0.5 0.5 0.5
3.241 1.214 2.183 0.5 0.5 0.5
3.241 1.214 2.141 0.5 0.5 0.5
3.241 1.214 2.099 0.5 0.5 0.5
3.241 1.214 2.068 0.5 0.5 0.5
3.241 1.214 2.008 0.5 0.5 0.5
3.241 1.214 1.943 0.5 0.5 0.5
3.241 1.214 1.876 0.5 0.5 0.5
3.241 1.214 1.825 0.5 0.5 0.5
3.241 1.214 1.771 0.5 0.5 0.5
3.241 1.214 1.735 0.5 0.5 0.5
3.241 1.214 1.716 0.5 0.5 0.5
3.241 1.214 1.679 0.5 0.5 0.5
3.241 1.214 1.679 0.5 0.5 0.5
3.241 1.214 1.679 0.5 0.5 0.5
3.241 1.214 1.679 0.5 0.5 0.5
3.241 1.214 1.679 0.5 0.5 0.5
3.241 1.214 1.679 0.5 0.5 0.5
3.241 1.214 1.679 0.5 0.5 0.5
3.241 1.214 1.679 0.5 0.5 0.5
3.241 1.214 1.679 0.5 0.5 0.5
3.241 1.214 1.679 0.5 0.5 0.5
3.241 1.214 1.679 0.5 0.5 0.5
3.241 1.214 1.679 0.5 0.5 0.5
3.241 1.214 1.681 0.5 0.5 0.5
3.241 1.214 1.7 0.5 0.5 0.5
3.241 1.214 1.719 0.5 0.5 0.5
3.241 1.214 1.739 0.5 0.5 0.5
3.241 1.214 1.742 0.5 0.5 0.5
3.241 1.214 1.76 0.5 0.5 0.5
3.241 1.214 1.78 0.5 0.5 0.5
3.241 1.214 1.798 0.5 0.5 0.5
3.241 1.214 1.818 0.5 0.5 0.5
3.241 1.214 1.818 0.5 0.5 0.5
3.241 1.214 1.838 0.5 0.5 0.5
3.241 1.214 1.84 0.5 0.5 0.5
3.241 1.214 1.857 0.5 0.5 0.5
3.241 1.214 1.876 0.5 0.5 0.5
3.241 1.214 1.879 0.5 0.5 0.5
3.241 1.214 1.896 0.5 0.5 0.5
3.241 1.214 1.917 0.5 0.5 0.5
3.241 1.214 1.952 0.5 0.5 0.5
3.241 1.214 1.986 0.5 0.5 0.5
3.241 1.214 2.007 0.5 0.5 0.5
3.241 1.214 2.042 0.5 0.5 0.5
3.241 1.214 2.06 0.5 0.5 0.5
3.241 1.214 2.094 0.5 0.5 0.5
3.241 1.214 2.127 0.5 0.5 0.5
3.241 1.214 2.158 0.5 0.5 0.5
3.241 1.214 2.177 0.5 0.5 0.5
3.241 1.214 2.207 0.5 0.5 0.5
3.241 1.214 2.237 0.5 0.5 0.5
3.241 1.214 2.253 0.5 0.5 0.5
3.241 1.214 2.269 0.5 0.5 0.5
3.241 1.214 2.284 0.5 0.5 0.5
3.241 1.214 2.3 0.5 0.5 0.5
3.241 1.214 2.313 0.5 0.5 0.5
3.241 1.214 2.33 0.5 0.5 0.5
3.241 1.214 2.343 0.5 0.5 0.5
3.241 1.214 2.358 0.5 0.5 0.5
3.241 1.214 2.373 0.5 0.5 0.5
3.241 1.214 2.386 0.5 0.5 0.5
3.241 1.214 2.4 0.5 0.5 0.5
3.241 1.214 2.415 0.5 0.5 0.5
3.241 1.214 2.415 0.5 0.5 0.5
3.241 1.214 2.429 0.5 0.5 0.5
3.241 1.214 2.442 0.5 0.5 0.5
3.241 1.214 2.456 0.5 0.5 0.5
3.241 1.214 2.482 0.5 0.5 0.5
3.241 1.214 2.495 0.5 0.5 0.5
3.241 1.214 2.521 0.5 0.5 0.5
3.241 1.214 2.521 0.5 0.5 0.5
3.241 1.214 2.534 0.5 0.5 0.5
3.241 1.214 2.548 0.5 0.5 0.5
3.241 1.214 2.561 0.5 0.5 0.5
3.241 1.214 2.574 0.5 0.5 0.5
3.241 1.214 2.587 0.5 0.5 0.5
3.241 1.214 2.6 0.5 0.5 0.5
3.241 1.214 2.622 0.5 0.5 0.5
3.241 1.214 2.624 0.5 0.5 0.5
3.241 1.214 2.636 0.5 0.5 0.5
3.241 1.214 2.636 0.5 0.5 0.5
3.241 1.214 2.647 0.5 0.5 0.5
3.241 1.214 2.67 0.5 0.5 0.5
3.241 1.214 2.682 0.5 0.5 0.5
3.241 1.214 2.693 0.5 0.5 0.5
3.241 1.214 2.703 0.5 0.5 0.5
3.241 1.214 2.705 0.5 0.5 0.5
3.241 1.214 2.705 0.5 0.5 0.5
3.241 1.214 2.705 0.5 0.5 0.5
3.241 1.214 2.705 0.5 0.5 0.5
3.241 1.214 2.705 0.5 0.5 0.5
3.241 1.214 2.705 0.5 0.5 0.5
3.241 1.214 2.705 0.5 0.5 0.5
3.241 1.214 2.705 0.5 0.5 0.5
3.241 1.214 2.705 0.5 0.5 0.5
3.241 1.214 2.705 0.5 0.5 0.5
3.241 1.214 2.705 0.5 0.5 0.5
3.241 1.214 2.705 0.5 0.5 0.5
3.241 1.214 2.705 0.5 0.5 0.5
3.241 1.214 2.705 0.5 0.5 0.5
3.241 1.214 2.705 0.5 0.5 0.5
3.241 1.214 2.705 0.5 0.5 0.5
3.241 1.214 2.705 0.5 0.5 0.5
3.241 1.214 2.705 0.5 0.5 0.5
3.241 1.214 2.705 0.5 0.5 0.5
3.241 1.214 2.705 0.5 0.5 0.5
3.241 1.214 2.705 0.5 0.5 0.5
3.241 1.214 2.705 0.5 0.5 0.5
3.241 1.214 2.705 0.5 0.5 0.5
3.241 1.214 2.705 0.5 0.5 0.5
3.241 1.214 2.705 0.5 0.5 0.5
3.241 1.214 2.705 0.5 0.5 0.5
3.241 1.214 2.705 0.5 0.5 0.5
3.241 1.214 2.705 0.5 0.5 0.5
3.241 1.214 2.705 0.5 0.5 0.5
3.241 1.214 2.705 0.5 0.5 0.5
3.241 1.214 2.705 0.5 0.5 0.5
3.235 1.214 2.705 0.5 0.5 0.5
3.218 1.214 2.705 0.5 0.5 0.5
3.2 1.214 2.705 0.5 0.5 0.5
3.188 1.214 2.705 0.5 0.5 0.5
3.158 1.214 2.705 0.5 0.5 0.5
3.147 1.214 2.705 0.5 0.5 0.5
3.123 1.214 2.705 0.5 0.5 0.5
3.111 1.214 2.705 0.5 0.5 0.5
3.099 1.214 2.705 0.5 0.5 0.5
3.093 1.214 2.705 0.5 0.5 0.5
3.087 1.214 2.705 0.5 0.5 0.5
3.081 1.214 2.705 0.5 0.5 0.5
3.075 1.214 2.705 0.5 0.5 0.5
3.069 1.214 2.705 0.5 0.5 0.5
3.063 1.214 2.705 0.5 0.5 0.5
3.051 1.214 2.705 0.5 0.5 0.5
3.045 1.214 2.705 0.5 0.5 0.5
3.039 1.214 2.705 0.5 0.5 0.5
3.028 1.214 2.705 0.5 0.5 0.5
3.022 1.214 2.705 0.5 0.5 0.5
3.016 1.214 2.705 0.5 0.5 0.5
3.01 1.214 2.705 0.5 0.5 0.5
3.004 1.214 2.705 0.5 0.5 0.5
3.004 1.214 2.705 0.5 0.5 0.5
3.004 1.214 2.705 0.5 0.5 0.5
2.998 1.214 2.705 0.5 0.5 0.5
2.998 1.214 2.705 0.5 0.5 0.5
2.992 1.214 2.705 0.5 0.5 0.5
2.986 1.214 2.705 0.5 0.5 0.5
2.98 1.214 2.705 0.5 0.5 0.5
2.968 1.214 2.705 0.5 0.5 0.5
2.962 1.214 2.705 0.5 0.5 0.5
2.95 1.214 2.705 0.5 0.5 0.5
2.938 1.214 2.705 0.5 0.5 0.5
2.932 1.214 2.705 0.5 0.5 0.5
2.926 1.214 2.705 0.5 0.5 0.5
2.919 1.214 2.705 0.5 0.5 0.5
2.913 1.214 2.705 0.5 0.5 0.5
2.907 1.214 2.705 0.5 0.5 0.5
2.901 1.214 2.705 0.5 0.5 0.5
2.889 1.214 2.705 0.5 0.5 0.5
2.877 1.214 2.705 0.5 0.5 0.5
2.871 1.214 2.705 0.5 0.5 0.5
2.865 1.214 2.705 0.5 0.5 0.5
2.853 1.214 2.705 0.5 0.5 0.5
2.841 1.214 2.705 0.5 0.5 0.5
2.822 1.214 2.705 0.5 0.5 0.5
2.804 1.214 2.705 0.5 0.5 0.5
2.791 1.214 2.705 0.5 0.5 0.5
2.779 1.214 2.705 0.5 0.5 0.5
2.767 1.214 2.705 0.5 0.5 0.5
2.761 1.214 2.705 0.5 0.5 0.5
2.748 1.214 2.705 0.5 0.5 0.5
2.742 1.214 2.705 0.5 0.5 0.5
2.73 1.214 2.705 0.5 0.5 0.5
2.717 1.214 2.705 0.5 0.5 0.5
2.711 1.214 2.705 0.5 0.5 0.5
2.705 1.214 2.705 0.5 0.5 0.5
2.699 1.214 2.705 0.5 0.5 0.5
2.699 1.214 2.705 0.5 0.5 0.5
2.699 1.214 2.705 0.5 0.5 0.5
2.699 1.214 2.705 0.5 0.5 0.5
2.699 1.214 2.705 0.5 0.5 0.5
2.699 1.214 2.705 0.5 0.5 0.5
2.699 1.214 2.705 0.5 0.5 0.5
2.699 1.214 2.705 0.5 0.5 0.5
2.699 1.214 2.705 0.5 0.5 0.5
2.699 1.214 2.705 0.5 0.5 0.5
2.699 1.214 2.705 0.5 0.5 0.5
2.699 1.214 2.705 0.5 0.5 0.5
2.699 1.214 2.705 0.5 0.5 0.5
2.699 1.214 2.705 0.5 0.5 0.5
2.699 1.214 2.705 0.5 0.5 0.5
2.711 1.214 2.705 0.5 0.5 0.5
2.73 1.214 2.705 0.5 0.5 0.5
2.754 1.214 2.705 0.5 0.5 0.5
2.773 1.214 2.705 0.5 0.5 0.5
2.798 1.214 2.705 0.5 0.5 0.5
2.834 1.214 2.705 0.5 0.5 0.5
2.859 1.214 2.705 0.5 0.5 0.5
2.895 1.214 2.705 0.5 0.5 0.5
2.913 1.214 2.705 0.5 0.5 0.5
2.943 1.214 2.705 0.5 0.5 0.5
2.973 1.214 2.705 0.5 0.5 0.5
2.997 1.214 2.705 0.5 0.5 0.5
3.021 1.214 2.705 0.5 0.5 0.5
3.045 1.214 2.705 0.5 0.5 0.5
3.069 1.214 2.705 0.5 0.5 0.5
3.093 1.214 2.705 0.5 0.5 0.5
3.123 1.214 2.705 0.5 0.5 0.5
3.146 1.214 2.705 0.5 0.5 0.5
3.17 1.214 2.705 0.5 0.5 0.5
3.194 1.214 2.705 0.5 0.5 0.5
3.217 1.214 2.705 0.5 0.5 0.5
3.234 1.214 2.705 0.5 0.5 0.5
3.258 1.214 2.705 0.5 0.5 0.5
3.281 1.214 2.705 0.5 0.5 0.5
3.304 1.214 2.705 0.5 0.5 0.5
3.333 1.214 2.705 0.5 0.5 0.5
3.357 1.214 2.705 0.5 0.5 0.5
3.38 1.214 2.705 0.5 0.5 0.5
3.397 1.214 2.705 0.5 0.5 0.5
3.414 1.214 2.705 0.5 0.5 0.5
3.426 1.214 2.705 0.5 0.5 0.5
3.443 1.214 2.705 0.5 0.5 0.5
3.46 1.214 2.705 0.5 0.5 0.5
3.477 1.214 2.705 0.5 0.5 0.5
3.5 1.214 2.705 0.5 0.5 0.5
3.523 1.214 2.705 0.5 0.5 0.5
3.545 1.214 2.705 0.5 0.5 0.5
3.568 1.214 2.705 0.5 0.5 0.5
3.585 1.214 2.705 0.5 0.5 0.5
3.602 1.214 2.705 0.5 0.5 0.5
3.608 1.214 2.705 0.5 0.5 0.5
3.608 1.214 2.705 0.5 0.5 0.5
3.608 1.214 2.705 0.5 0.5 0.5
3.608 1.214 2.705 0.5 0.5 0.5
3.608 1.214 2.705 0.5 0.5 0.5
3.608 1.214 2.705 0.5 0.5 0.5
3.608 1.214 2.705 0.5 0.5 0.5
3.608 1.214 2.705 0.5 0.5 0.5
3.602 1.214 2.705 0.5 0.5 0.5
3.596 1.214 2.705 0.5 0.5 0.5
3.585 1.214 2.705 0.5 0.5 0.5
3.574 1.214 2.705 0.5 0.5 0.5
3.568 1.214 2.705 0.5 0.5 0.5
3.562 1.214 2.705 0.5 0.5 0.5
3.557 1.214 2.705 0.5 0.5 0.5
3.551 1.214 2.705 0.5 0.5 0.5
3.54 1.214 2.705 0.5 0.5 0.5
3.534 1.214 2.705 0.5 0.5 0.5
3.528 1.214 2.705 0.5 0.5 0.5
3.517 1.214 2.705 0.5 0.5 0.5
3.506 1.214 2.705 0.5 0.5 0.5
3.5 1.214 2.705 0.5 0.5 0.5
3.494 1.214 2.705 0.5 0.5 0.5
3.483 1.214 2.705 0.5 0.5 0.5
3.471 1.214 2.705 0.5 0.5 0.5
3.46 1.214 2.705 0.5 0.5 0.5
3.448 1.214 2.705 0.5 0.5 0.5
3.437 1.214 2.705 0.5 0.5 0.5
3.431 1.214 2.705 0.5 0.5 0.5
3.426 1.214 2.705 0.5 0.5 0.5
3.408 1.214 2.705 0.5 0.5 0.5
3.403 1.214 2.705 0.5 0.5 0.5
3.391 1.214 2.705 0.5 0.5 0.5
3.385 1.214 2.705 0.5 0.5 0.5
3.38 1.214 2.705 0.5 0.5 0.5
3.368 1.214 2.705 0.5 0.5 0.5
3.362 1.214 2.705 0.5 0.5 0.5
3.356 1.214 2.705 0.5 0.5 0.5
3.351 1.214 2.705 0.5 0.5 0.5
3.345 1.214 2.705 0.5 0.5 0.5
3.339 1.214 2.705 0.5 0.5 0.5
3.333 1.214 2.705 0.5 0.5 0.5
3.327 1.214 2.705 0.5 0.5 0.5
3.316 1.214 2.705 0.5 0.5 0.5
3.31 1.214 2.705 0.5 0.5 0.5
3.304 1.214 2.705 0.5 0.5 0.5
3.292 1.214 2.705 0.5 0.5 0.5
3.287 1.214 2.705 0.5 0.5 0.5
3.281 1.214 2.705 0.5 0.5 0.5
3.269 1.214 2.705 0.5 0.5 0.5
3.263 1.214 2.705 0.5 0.5 0.5
3.257 1.214 2.705 0.5 0.5 0.5
3.246 1.214 2.705 0.5 0.5 0.5
3.234 1.214 2.705 0.5 0.5 0.5
3.228 1.214 2.705 0.5 0.5 0.5
3.216 1.214 2.705 0.5 0.5 0.5
3.21 1.214 2.705 0.5 0.5 0.5
3.199 1.214 2.705 0.5 0.5 0.5
3.193 1.214 2.705 0.5 0.5 0.5
3.181 1.214 2.705 0.5 0.5 0.5
3.175 1.214 2.705 0.5 0.5 0.5
3.163 1.214 2.705 0.5 0.5 0.5
3.157 1.214 2.705 0.5 0.5 0.5
3.145 1.214 2.705 0.5 0.5 0.5
3.139 1.214 2.705 0.5 0.5 0.5
3.128 1.214 2.705 0.5 0.5 0.5
3.122 1.214 2.705 0.5 0.5 0.5
3.116 1.214 2.705 0.5 0.5 0.5
3.104 1.214 2.705 0.5 0.5 0.5
3.092 1.214 2.705 0.5 0.5 0.5
3.086 1.214 2.705 0.5 0.5 0.5
3.074 1.214 2.705 0.5 0.5 0.5
3.062 1.214 2.705 0.5 0.5 0.5
3.05 1.214 2.705 0.5 0.5 0.5
3.038 1.214 2.705 0.5 0.5 0.5
3.02 1.214 2.705 0.5 0.5 0.5
3.002 1.214 2.705 0.5 0.5 0.5
2.99 1.214 2.705 0.5 0.5 0.5
2.972 1.214 2.705 0.5 0.5 0.5
2.96 1.214 2.705 0.5 0.5 0.5
2.942 1.214 2.705 0.5 0.5 0.5
2.93 1.214 2.705 0.5 0.5 0.5
2.924 1.214 2.705 0.5 0.5 0.5
2.918 1.214 2.705 0.5 0.5 0.5
2.905 1.214 2.705 0.5 0.5 0.5
2.893 1.214 2.705 0.5 0.5 0.5
2.893 1.214 2.705 0.5 0.5 0.5
2.887 1.214 2.705 0.5 0.5 0.5
2.881 1.214 2.705 0.5 0.5 0.5
2.869 1.214 2.705 0.5 0.5 0.5
2.869 1.214 2.705 0.5 0.5 0.5
2.869 1.214 2.705 0.5 0.5 0.5
2.863 1.214 2.705 0.5 0.5 0.5
2.863 1.214 2.705 0.5 0.5 0.5
2.857 1.214 2.705 0.5 0.5 0.5
2.857 1.214 2.705 0.5 0.5 0.5
2.857 1.214 2.705 0.5 0.5 0.5
2.857 1.214 2.705 0.5 0.5 0.5
2.857 1.214 2.705 0.5 0.5 0.5
2.857 1.214 2.705 0.5 0.5 0.5
2.857 1.214 2.705 0.5 0.5 0.5
2.857 1.214 2.705 0.5 0.5 0.5
2.857 1.214 2.705 0.5 0.5 0.5
2.857 1.214 2.705 0.5 0.5 0.5
2.857 1.214 2.705 0.5 0.5 0.5
2.863 1.214 2.705 0.5 0.5 0.5
2.875 1.214 2.705 0.5 0.5 0.5
2.887 1.214 2.705 0.5 0.5 0.5
2.912 1.214 2.705 0.5 0.5 0.5
2.924 1.214 2.705 0.5 0.5 0.5
2.942 1.214 2.705 0.5 0.5 0.5
2.96 1.214 2.705 0.5 0.5 0.5
2.972 1.214 2.705 0.5 0.5 0.5
2.996 1.214 2.705 0.5 0.5 0.5
3.014 1.214 2.705 0.5 0.5 0.5
3.038 1.214 2.705 0.5 0.5 0.5
3.056 1.214 2.705 0.5 0.5 0.5
3.08 1.214 2.705 0.5 0.5 0.5
3.104 1.214 2.705 0.5 0.5 0.5
3.133 1.214 2.705 0.5 0.5 0.5
3.145 1.214 2.705 0.5 0.5 0.5
3.163 1.214 2.705 0.5 0.5 0.5
3.186 1.214 2.705 0.5 0.5 0.5
3.21 1.214 2.705 0.5 0.5 0.5
3.233 1.214 2.705 0.5 0.5 0.5
3.263 1.214 2.705 0.5 0.5 0.5
3.28 1.214 2.705 0.5 0.5 0.5
3.309 1.214 2.705 0.5 0.5 0.5
3.333 1.214 2.705 0.5 0.5 0.5
3.356 1.214 2.705 0.5 0.5 0.5
3.379 1.214 2.705 0.5 0.5 0.5
3.396 1.214 2.705 0.5 0.5 0.5
3.419 1.214 2.705 0.5 0.5 0.5
3.442 1.214 2.705 0.5 0.5 0.5
3.465 1.214 2.705 0.5 0.5 0.5
3.488 1.214 2.705 0.5 0.5 0.5
3.511 1.214 2.705 0.5 0.5 0.5
3.528 1.214 2.705 0.5 0.5 0.5
3.545 1.214 2.705 0.5 0.5 0.5
3.568 1.214 2.705 0.5 0.5 0.5
3.591 1.214 2.705 0.5 0.5 0.5
3.608 1.214 2.705 0.5 0.5 0.5
3.63 1.214 2.705 0.5 0.5 0.5
3.636 1.214 2.705 0.5 0.5 0.5
3.641 1.214 2.705 0.5 0.5 0.5
3.641 1.214 2.705 0.5 0.5 0.5
3.641 1.214 2.705 0.5 0.5 0.5
3.641 1.214 2.705 0.5 0.5 0.5
3.641 1.214 2.705 0.5 0.5 0.5
3.641 1.214 2.705 0.5 0.5 0.5
3.641 1.214 2.705 0.5 0.5 0.5
3.641 1.214 2.705 0.5 0.5 0.5
3.641 1.214 2.705 0.5 0.5 0.5
3.641 1.214 2.705 0.5 0.5 0.5
3.63 1.214 2.705 0.5 0.5 0.5
3.625 1.214 2.705 0.5 0.5 0.5
3.613 1.214 2.705 0.5 0.5 0.5
3.596 1.214 2.705 0.5 0.5 0.5
3.579 1.214 2.705 0.5 0.5 0.5
3.568 1.214 2.705 0.5 0.5 0.5
3.551 1.214 2.705 0.5 0.5 0.5
3.534 1.214 2.705 0.5 0.5 0.5
3.522 1.214 2.705 0.5 0.5 0.5
3.5 1.214 2.705 0.5 0.5 0.5
3.482 1.214 2.705 0.5 0.5 0.5
3.471 1.214 2.705 0.5 0.5 0.5
3.454 1.214 2.705 0.5 0.5 0.5
3.436 1.214 2.705 0.5 0.5 0.5
3.419 1.214 2.705 0.5 0.5 0.5
3.402 1.214 2.705 0.5 0.5 0.5
3.379 1.214 2.705 0.5 0.5 0.5
3.361 1.214 2.705 0.5 0.5 0.5
3.344 1.214 2.705 0.5 0.5 0.5
3.332 1.214 2.705 0.5 0.5 0.5
3.315 1.214 2.705 0.5 0.5 0.5
3.297 1.214 2.705 0.5 0.5 0.5
3.28 1.214 2.705 0.5 0.5 0.5
3.257 1.214 2.705 0.5 0.5 0.5
3.239 1.214 2.705 0.5 0.5 0.5
3.221 1.214 2.705 0.5 0.5 0.5
3.198 1.214 2.705 0.5 0.5 0.5
3.186 1.214 2.705 0.5 0.5 0.5
3.162 1.214 2.705 0.5 0.5 0.5
3.151 1.214 2.705 0.5 0.5 0.5
3.133 1.214 2.705 0.5 0.5 0.5
3.121 1.214 2.705 0.5 0.5 0.5
3.103 1.214 2.705 0.5 0.5 0.5
3.085 1.214 2.705 0.5 0.5 0.5
3.067 1.214 2.705 0.5 0.5 0.5
3.049 1.214 2.705 0.5 0.5 0.5
3.038 1.214 2.705 0.5 0.5 0.5
3.02 1.214 2.705 0.5 0.5 0.5
3.002 1.214 2.705 0.5 0.5 0.5
2.989 1.214 2.705 0.5 0.5 0.5
2.971 1.214 2.705 0.5 0.5 0.5
2.953 1.214 2.705 0.5 0.5 0.5
2.947 1.214 2.705 0.5 0.5 0.5
2.935 1.214 2.705 0.5 0.5 0.5
2.917 1.214 2.705 0.5 0.5 0.5
2.911 1.214 2.705 0.5 0.5 0.5
2.893 1.214 2.705 0.5 0.5 0.5
2.881 1.214 2.705 0.5 0.5 0.5
2.868 1.214 2.705 0.5 0.5 0.5
2.856 1.214 2.705 0.5 0.5 0.5
2.838 1.214 2.705 0.5 0.5 0.5
2.826 1.214 2.705 0.5 0.5 0.5
2.813 1.214 2.705 0.5 0.5 0.5
2.801 1.214 2.705 0.5 0.5 0.5
2.789 1.214 2.705 0.5 0.5 0.5
2.777 1.214 2.705 0.5 0.5 0.5
2.77 1.214 2.705 0.5 0.5 0.5
2.764 1.214 2.705 0.5 0.5 0.5
2.752 1.214 2.705 0.5 0.5 0.5
2.739 1.214 2.705 0.5 0.5 0.5
2.734 1.214 2.705 0.5 0.5 0.5
2.721 1.214 2.705 0.5 0.5 0.5
2.709 1.214 2.705 0.5 0.5 0.5
2.696 1.214 2.705 0.5 0.5 0.5
2.684 1.214 2.705 0.5 0.5 0.5
2.671 1.214 2.705 0.5 0.5 0.5
2.665 1.214 2.705 0.5 0.5 0.5
2.653 1.214 2.705 0.5 0.5 0.5
2.64 1.214 2.705 0.5 0.5 0.5
2.634 1.214 2.705 0.5 0.5 0.5
2.615 1.214 2.705 0.5 0.5 0.5
2.603 1.214 2.705 0.5 0.5 0.5
2.584 1.214 2.705 0.5 0.5 0.5
2.578 1.214 2.705 0.5 0.5 0.5
2.559 1.214 2.705 0.5 0.5 0.5
2.546 1.214 2.705 0.5 0.5 0.5
2.54 1.214 2.705 0.5 0.5 0.5
2.533 1.214 2.705 0.5 0.5 0.5
2.533 1.214 2.705 0.5 0.5 0.5
2.533 1.214 2.705 0.5 0.5 0.5
2.533 1.214 2.705 0.5 0.5 0.5
2.533 1.214 2.705 0.5 0.5 0.5
2.533 1.214 2.705 0.5 0.5 0.5
2.533 1.214 2.705 0.5 0.5 0.5
2.533 1.214 2.705 0.5 0.5 0.5
2.533 1.214 2.705 0.5 0.5 0.5
2.533 1.214 2.705 0.5 0.5 0.5
2.533 1.214 2.705 0.5 0.5 0.5
2.533 1.214 2.705 0.5 0.5 0.5
2.533 1.214 2.705 0.5 0.5 0.5
2.533 1.214 2.705 0.5 0.5 0.5
2.533 1.214 2.705 0.5 0.5 0.5
2.533 1.214 2.705 0.5 0.5 0.5
2.533 1.214 2.705 0.5 0.5 0.5
2.533 1.214 2.705 0.5 0.5 0.5
2.533 1.214 2.705 0.5 0.5 0.5
2.533 1.214 2.705 0.5 0.5 0.5
2.533 1.214 2.705 0.5 0.5 0.5
2.533 1.214 2.705 0.5 0.5 0.5
2.533 1.214 2.705 0.5 0.5 0.5
2.533 1.214 2.705 0.5 0.5 0.5
2.533 1.214 2.705 0.5 0.5 0.5
2.533 1.214 2.705 0.5 0.5 0.5
2.534 1.214 2.705 0.5 0.5 0.5
2.553 1.214 2.705 0.5 0.5 0.5
2.578 1.214 2.705 0.5 0.5 0.5
2.603 1.214 2.705 0.5 0.5 0.5
2.635 1.214 2.705 0.5 0.5 0.5
2.666 1.214 2.705 0.5 0.5 0.5
2.703 1.214 2.705 0.5 0.5 0.5
2.753 1.214 2.705 0.5 0.5 0.5
2.79 1.214 2.705 0.5 0.5 0.5
2.833 1.214 2.705 0.5 0.5 0.5
2.887 1.214 2.705 0.5 0.5 0.5
2.93 1.214 2.705 0.5 0.5 0.5
2.966 1.214 2.705 0.5 0.5 0.5
3.002 1.214 2.705 0.5 0.5 0.5
3.038 1.214 2.705 0.5 0.5 0.5
3.062 1.214 2.705 0.5 0.5 0.5
3.086 1.214 2.705 0.5 0.5 0.5
3.11 1.214 2.705 0.5 0.5 0.5
3.139 1.214 2.705 0.5 0.5 0.5
3.169 1.214 2.705 0.5 0.5 0.5
3.204 1.214 2.705 0.5 0.5 0.5
3.239 1.214 2.705 0.5 0.5 0.5
3.274 1.214 2.705 0.5 0.5 0.5
3.298 1.214 2.705 0.5 0.5 0.5
3.304 1.214 2.705 0.5 0.5 0.5
3.304 1.214 2.705 0.5 0.5 0.5
3.304 1.214 2.705 0.5 0.5 0.5
3.304 1.214 2.705 0.5 0.5 0.5
3.304 1.214 2.705 0.5 0.5 0.5
3.304 1.214 2.705 0.5 0.5 0.5
3.304 1.214 2.705 0.5 0.5 0.5
3.304 1.214 2.705 0.5 0.5 0.5
3.304 1.214 2.705 0.5 0.5 0.5
3.304 1.214 2.705 0.5 0.5 0.5
3.304 1.214 2.705 0.5 0.5 0.5
3.304 1.214 2.705 0.5 0.5 0.5
3.304 1.214 2.705 0.5 0.5 0.5
3.304 1.214 2.705 0.5 0.5 0.5
3.304 1.214 2.705 0.5 0.5 0.5
3.304 1.214 2.705 0.5 0.5 0.5
3.304 1.214 2.705 0.5 0.5 0.5
3.304 1.214 2.705 0.5 0.5 0.5
3.304 1.214 2.705 0.5 0.5 0.5
3.304 1.214 2.705 0.5 0.5 0.5
3.304 1.214 2.705 0.5 0.5 0.5
3.304 1.214 2.705 0.5 0.5 0.5
3.304 1.214 2.705 0.5 0.5 0.5
3.304 1.214 2.705 0.5 0.5 0.5
3.304 1.214 2.705 0.5 0.5 0.5
3.304 1.214 2.705 0.5 0.5 0.5
3.304 1.214 2.705 0.5 0.5 0.5
3.304 1.214 2.705 0.5 0.5 0.5
3.304 1.214 2.705 0.5 0.5 0.5
3.304 1.214 2.705 0.5 0.5 0.5
3.304 1.214 2.705 0.5 0.5 0.5
3.304 1.214 2.705 0.5 0.5 0.5
3.304 1.214 2.705 0.5 0.5 0.5
3.304 1.214 2.705 0.5 0.5 0.5
3.304 1.214 2.705 0.5 0.5 0.5
3.304 1.214 2.705 0.5 0.5 0.5
3.304 1.214 2.705 0.5 0.5 0.5
3.304 1.214 2.705 0.5 0.5 0.5
3.304 1.214 2.705 0.5 0.5 0.5
3.304 1.214 2.705 0.5 0.5 0.5
3.304 1.214 2.705 0.5 0.5 0.5
3.304 1.214 2.705 0.5 0.5 0.5
3.304 1.214 2.705 0.5 0.5 0.5
3.304 1.214 2.705 0.5 0.5 0.5
3.304 1.214 2.705 0.5 0.5 0.5
3.304 1.214 2.705 0.5 0.5 0.5
3.304 1.214 2.705 0.5 0.5 0.5
3.304 1.214 2.705 0.5 0.5 0.5
3.304 1.214 2.705 0.5 0.5 0.5
3.304 1.214 2.705 0.5 0.5 0.5
3.304 1.214 2.705 0.5 0.5 0.5
3.304 1.214 2.705 0.5 0.5 0.5
3.304 1.214 2.705 0.5 0.5 0.5
3.304 1.214 2.705 0.5 0.5 0.5
3.304 1.214 2.705 0.5 0.5 0.5
3.304 1.214 2.705 0.5 0.5 0.5
3.304 1.214 2.705 0.5 0.5 0.5
3.304 1.214 2.705 0.5 0.5 0.5
3.304 1.214 2.705 0.5 0.5 0.5
3.304 1.214 2.705 0.5 0.5 0.5
3.304 1.214 2.705 0.5 0.5 0.5
3.304 1.214 2.705 0.5 0.5 0.5
3.304 1.214 2.705 0.5 0.5 0.5
3.304 1.214 2.705 0.5 0.5 0.5
3.304 1.214 2.705 0.5 0.5 0.5
3.304 1.214 2.705 0.5 0.5 0.5
3.304 1.214 2.705 0.5 0.5 0.5
3.304 1.214 2.705 0.5 0.5 0.5
3.304 1.214 2.705 0.5 0.5 0.5
3.304 1.214 2.705 0.5 0.5 0.5
3.304 1.214 2.705 0.5 0.5 0.5
3.304 1.214 2.705 0.5 0.5 0.5
3.304 1.214 2.705 0.5 0.5 0.5
3.304 1.214 2.705 0.5 0.5 0.5
3.304 1.214 2.705 0.5 0.5 0.5
3.304 1.214 2.705 0.5 0.5 0.5
3.304 1.214 2.705 0.5 0.5 0.5
3.304 1.214 2.705 0.5 0.5 0.5
3.304 1.214 2.705 0.5 0.5 0.5
3.304 1.214 2.705 0.5 0.5 0.5
3.304 1.214 2.705 0.5 0.5 0.5
3.304 1.214 2.705 0.5 0.5 0.5
3.304 1.214 2.705 0.5 0.5 0.5
3.304 1.214 2.705 0.5 0.5 0.5
3.304 1.214 2.705 0.5 0.5 0.5
3.304 1.214 2.705 0.5 0.5 0.5
3.304 1.214 2.705 0.5 0.5 0.5
3.304 1.214 2.705 0.5 0.5 0.5
3.304 1.214 2.705 0.5 0.5 0.5
3.304 1.214 2.705 0.5 0.5 0.5
3.304 1.214 2.705 0.5 0.5 0.5
3.304 1.214 2.705 0.5 0.5 0.5
3.304 1.214 2.705 0.5 0.5 0.5
3.304 1.214 2.705 0.5 0.5 0.5
3.304 1.214 2.705 0.5 0.5 0.5
3.304 1.214 2.705 0.5 0.5 0.5
3.304 1.214 2.705 0.5 0.5 0.5
3.304 1.214 2.705 0.5 0.5 0.5
3.304 1.214 2.705 0.5 0.5 0.5
3.304 1.214 2.705 0.5 0.5 0.5
3.304 1.214 2.705 0.5 0.5 0.5
3.304 1.214 2.705 0.5 0.5 0.5
3.304 1.214 2.705 0.5 0.5 0.5
3.304 1.214 2.705 0.5 0.5 0.5
3.304 1.214 2.705 0.5 0.5 0.5
3.304 1.214 2.705 0.5 0.5 0.5
3.304 1.214 2.705 0.5 0.5 0.5
3.304 1.214 2.705 0.5 0.5 0.5
3.304 1.214 2.705 0.5 0.5 0.5
3.304 1.214 2.705 0.5 0.5 0.5
3.304 1.214 2.705 0.5 0.5 0.5
3.304 1.214 2.705 0.5 0.5 0.5
3.304 1.214 2.705 0.5 0.5 0.5
3.304 1.214 2.705 0.5 0.5 0.5
3.304 1.214 2.705 0.5 0.5 0.5
3.304 1.214 2.705 0.5 0.5 0.5
3.304 1.214 2.705 0.5 0.5 0.5
3.304 1.214 2.705 0.5 0.5 0.5
3.304 1.227 2.705 0.5 0.5 0.5
3.304 1.24 2.705 0.5 0.5 0.5
3.304 1.265 2.705 0.5 0.5 0.5
3.304 1.284 2.705 0.5 0.5 0.5
3.304 1.31 2.705 0.5 0.5 0.5
3.304 1.342 2.705 0.5 0.5 0.5
3.304 1.366 2.705 0.5 0.5 0.5
3.304 1.398 2.705 0.5 0.5 0.5
3.304 1.422 2.705 0.5 0.5 0.5
3.304 1.453 2.705 0.5 0.5 0.5
3.304 1.472 2.705 0.5 0.5 0.5
3.304 1.496 2.705 0.5 0.5 0.5
3.304 1.52 2.705 0.5 0.5 0.5
3.304 1.544 2.705 0.5 0.5 0.5
3.304 1.574 2.705 0.5 0.5 0.5
3.304 1.597 2.705 0.5 0.5 0.5
3.304 1.615 2.705 0.5 0.5 0.5
3.304 1.633 2.705 0.5 0.5 0.5
3.304 1.65 2.705 0.5 0.5 0.5
3.304 1.668 2.705 0.5 0.5 0.5
3.304 1.679 2.705 0.5 0.5 0.5
3.304 1.691 2.705 0.5 0.5 0.5
3.304 1.697 2.705 0.5 0.5 0.5
3.304 1.708 2.705 0.5 0.5 0.5
3.304 1.714 2.705 0.5 0.5 0.5
3.304 1.731 2.705 0.5 0.5 0.5
3.304 1.737 2.705 0.5 0.5 0.5
3.304 1.748 2.705 0.5 0.5 0.5
3.304 1.754 2.705 0.5 0.5 0.5
3.304 1.765 2.705 0.5 0.5 0.5
3.304 1.777 2.705 0.5 0.5 0.5
3.304 1.782 2.705 0.5 0.5 0.5
3.304 1.788 2.705 0.5 0.5 0.5
3.304 1.799 2.705 0.5 0.5 0.5
3.304 1.805 2.705 0.5 0.5 0.5
3.304 1.822 2.705 0.5 0.5 0.5
3.304 1.833 2.705 0.5 0.5 0.5
3.304 1.85 2.705 0.5 0.5 0.5
3.304 1.866 2.705 0.5 0.5 0.5
3.304 1.877 2.705 0.5 0.5 0.5
3.304 1.894 2.705 0.5 0.5 0.5
3.304 1.905 2.705 0.5 0.5 0.5
3.304 1.916 2.705 0.5 0.5 0.5
3.304 1.927 2.705 0.5 0.5 0.5
3.304 1.943 2.705 0.5 0.5 0.5
3.304 1.954 2.705 0.5 0.5 0.5
3.304 1.965 2.705 0.5 0.5 0.5
3.304 1.97 2.705 0.5 0.5 0.5
3.304 1.981 2.705 0.5 0.5 0.5
3.304 1.987 2.705 0.5 0.5 0.5
3.304 1.992 2.705 0.5 0.5 0.5
3.304 1.992 2.705 0.5 0.5 0.5
3.304 1.992 2.705 0.5 0.5 0.5
3.304 1.992 2.705 0.5 0.5 0.5
3.304 1.992 2.705 0.5 0.5 0.5
3.304 1.992 2.705 0.5 0.5 0.5
3.304 1.992 2.705 0.5 0.5 0.5
3.304 1.992 2.705 0.5 0.5 0.5
3.304 1.992 2.705 0.5 0.5 0.5
3.304 1.992 2.705 0.5 0.5 0.5
3.304 1.992 2.705 0.5 0.5 0.5
3.304 1.992 2.705 0.5 0.5 0.5
3.304 1.992 2.705 0.5 0.5 0.5
3.304 1.992 2.705 0.5 0.5 0.5
3.304 1.992 2.705 0.5 0.5 0.5
3.304 1.992 2.705 0.5 0.5 0.5
3.304 1.992 2.705 0.5 0.5 0.5
3.304 1.992 2.705 0.5 0.5 0.5
3.304 1.992 2.705 0.5 0.5 0.5
3.304 1.992 2.705 0.5 0.5 0.5
3.304 1.992 2.705 0.5 0.5 0.5
3.304 1.992 2.705 0.5 0.5 0.5
3.304 1.992 2.705 0.5 0.5 0.5
3.304 1.992 2.705 0.5 0.5 0.5
3.304 1.992 2.705 0.5 0.5 0.5
3.304 1.992 2.705 0.5 0.5 0.5
3.304 1.992 2.705 0.5 0.5 0.5
3.304 1.992 2.705 0.5 0.5 0.5
3.304 1.992 2.705 0.5 0.5 0.5
3.304 1.992 2.705 0.5 0.5 0.5
3.304 1.992 2.705 0.5 0.5 0.5
3.304 1.992 2.705 0.5 0.5 0.5
3.304 1.992 2.705 0.5 0.5 0.5
3.304 1.992 2.705 0.5 0.5 0.5
3.304 1.992 2.705 0.5 0.5 0.5
3.304 1.992 2.705 0.5 0.5 0.5
3.304 1.992 2.705 0.5 0.5 0.5
3.304 1.992 2.705 0.5 0.5 0.5
3.304 1.992 2.705 0.5 0.5 0.5
3.304 1.992 2.705 0.5 0.5 0.5
3.304 1.992 2.705 0.5 0.5 0.5
3.304 1.992 2.705 0.5 0.5 0.5
3.304 1.992 2.705 0.5 0.5 0.5
3.304 1.992 2.705 0.5 0.5 0.5
3.304 1.992 2.705 0.5 0.5 0.5
3.304 1.992 2.705 0.5 0.5 0.5
3.304 1.992 2.705 0.5 0.5 0.5
3.304 1.992 2.705 0.5 0.5 0.5
3.304 1.992 2.705 0.5 0.5 0.5
3.304 1.992 2.705 0.5 0.5 0.5
3.304 1.992 2.705 0.5 0.5 0.5
3.304 1.992 2.705 0.5 0.5 0.5
3.304 1.992 2.705 0.5 0.5 0.5
3.304 1.992 2.705 0.5 0.5 0.5
3.304 1.992 2.705 0.5 0.5 0.5
3.304 1.992 2.705 0.5 0.5 0.5
3.304 1.992 2.705 0.5 0.5 0.5
3.304 1.992 2.705 0.5 0.5 0.5
3.304 1.992 2.705 0.5 0.5 0.5
3.304 1.992 2.705 0.5 0.5 0.5
3.304 1.992 2.705 0.5 0.5 0.5
3.304 1.992 2.705 0.5 0.5 0.5
3.304 1.992 2.705 0.5 0.5 0.5
3.304 1.992 2.705 0.5 0.5 0.5
3.304 1.992 2.705 0.5 0.5 0.5
3.304 1.992 2.705 0.5 0.5 0.5
3.304 1.992 2.705 0.5 0.5 0.5
3.304 1.992 2.705 0.5 0.5 0.5
3.304 1.992 2.705 0.5 0.5 0.5
3.304 1.992 2.705 0.5 0.5 0.5
3.304 1.992 2.705 0.5 0.5 0.5
3.304 1.992 2.705 0.5 0.5 0.5
3.304 1.992 2.705 0.5 0.5 0.5
3.304 1.992 2.705 0.5 0.5 0.5
3.304 1.992 2.705 0.5 0.5 0.5
3.304 1.992 2.705 0.5 0.5 0.5
3.304 1.992 2.705 0.5 0.5 0.5
3.304 1.992 2.705 0.5 0.5 0.5
3.304 1.992 2.705 0.5 0.5 0.5
3.304 1.992 2.705 0.5 0.5 0.5
3.304 1.992 2.705 0.5 0.5 0.5
3.304 1.992 2.705 0.5 0.5 0.5
3.304 1.992 2.705 0.5 0.5 0.5
3.304 1.992 2.705 0.5 0.5 0.5
3.304 1.992 2.705 0.5 0.5 0.5
3.304 1.992 2.705 0.5 0.5 0.5
3.304 1.992 2.705 0.5 0.5 0.5
3.304 1.992 2.705 0.5 0.5 0.5
3.304 1.992 2.705 0.5 0.5 0.5
3.304 1.992 2.705 0.5 0.5 0.5
3.304 1.992 2.705 0.5 0.5 0.5
3.304 1.992 2.705 0.5 0.5 0.5
3.304 1.992 2.705 0.5 0.5 0.5
3.304 1.992 2.705 0.5 0.5 0.5
3.304 1.992 2.705 0.5 0.5 0.5
3.304 1.992 2.705 0.5 0.5 0.5
3.304 1.992 2.705 0.5 0.5 0.5
3.304 1.992 2.705 0.5 0.5 0.5
3.304 1.992 2.705 0.5 0.5 0.5
3.304 1.992 2.705 0.5 0.5 0.5
3.304 1.992 2.705 0.5 0.5 0.5
3.304 1.992 2.705 0.5 0.5 0.5
3.304 1.992 2.705 0.5 0.5 0.5
3.304 1.992 2.705 0.5 0.5 0.5
3.304 1.992 2.705 0.5 0.5 0.5
3.304 1.992 2.705 0.5 0.5 0.5
3.304 1.992 2.705 0.5 0.5 0.5
3.304 1.992 2.705 0.5 0.5 0.5
3.304 1.992 2.705 0.5 0.5 0.5
3.304 1.992 2.705 0.5 0.5 0.5
3.304 1.992 2.705 0.5 0.5 0.5
3.304 1.992 2.705 0.5 0.5 0.5
3.304 1.992 2.705 0.5 0.5 0.5
3.304 1.992 2.705 0.5 0.5 0.5
3.304 1.992 2.705 0.5 0.5 0.5
3.304 1.992 2.705 0.5 0.5 0.5
3.304 1.992 2.705 0.5 0.5 0.5
3.304 1.992 2.705 0.5 0.5 0.5
3.304 1.992 2.705 0.5 0.5 0.5
3.304 1.992 2.705 0.5 0.5 0.5
3.304 1.992 2.705 0.5 0.5 0.5
3.304 1.992 2.705 0.5 0.5 0.5
3.304 1.992 2.705 0.5 0.5 0.5
3.304 1.992 2.705 0.5 0.5 0.5
3.304 1.992 2.705 0.5 0.5 0.5
3.304 1.992 2.705 0.5 0.5 0.5
3.304 1.992 2.705 0.5 0.5 0.5
3.304 1.992 2.705 0.5 0.5 0.5
3.304 1.992 2.705 0.5 0.5 0.5
3.304 1.992 2.705 0.5 0.5 0.5
3.304 1.992 2.705 0.5 0.5 0.5
3.304 1.992 2.705 0.5 0.5 0.5
3.304 1.992 2.705 0.5 0.5 0.5
3.304 1.992 2.705 0.5 0.5 0.5
3.304 1.992 2.705 0.5 0.5 0.5
3.304 1.992 2.705 0.5 0.5 0.5
3.304 1.992 2.705 0.5 0.5 0.5
3.304 1.992 2.705 0.5 0.5 0.5
3.304 1.992 2.705 0.5 0.5 0.5
3.304 1.992 2.705 0.5 0.5 0.5
3.304 1.992 2.705 0.5 0.5 0.5
3.304 1.992 2.705 0.5 0.5 0.5
3.304 1.992 2.705 0.5 0.5 0.5
3.304 1.992 2.705 0.5 0.5 0.5
3.304 1.992 2.705 0.5 0.5 0.5
3.304 1.992 2.705 0.5 0.5 0.5
3.304 1.992 2.705 0.5 0.5 0.5
3.304 1.992 2.705 0.5 0.5 0.5
3.304 1.992 2.705 0.5 0.5 0.5
3.304 1.992 2.705 0.5 0.5 0.5
3.304 1.992 2.705 0.5 0.5 0.5
3.304 1.992 2.705 0.5 0.5 0.5
3.304 1.992 2.705 0.5 0.5 0.5
3.304 1.992 2.705 0.5 0.5 0.5
3.304 1.992 2.705 0.5 0.5 0.5
3.304 1.992 2.705 0.5 0.5 0.5
3.304 1.992 2.705 0.5 0.5 0.5
3.304 1.992 2.705 0.5 0.5 0.5
3.304 1.992 2.705 0.5 0.5 0.5
3.304 1.992 2.705 0.5 0.5 0.5
3.304 1.992 2.705 0.5 0.5 0.5
3.304 1.992 2.705 0.5 0.5 0.5
3.304 1.992 2.705 0.5 0.5 0.5
3.304 1.992 2.705 0.5 0.5 0.5
3.304 1.992 2.705 0.5 0.5 0.5
3.304 1.992 2.705 0.5 0.5 0.5
3.304 1.992 2.705 0.5 0.5 0.5
3.304 1.992 2.705 0.5 0.5 0.5
3.304 1.992 2.705 0.5 0.5 0.5
3.304 1.992 2.705 0.5 0.5 0.5
3.304 1.992 2.705 0.5 0.5 0.5
3.304 1.992 2.705 0.5 0.5 0.5
3.304 1.992 2.705 0.5 0.5 0.5
3.304 1.992 2.705 0.5 0.5 0.5
3.304 1.992 2.705 0.5 0.5 0.5
3.304 1.992 2.705 0.5 0.5 0.5
3.304 1.992 2.705 0.5 0.5 0.5
3.304 1.992 2.705 0.5 0.5 0.5
3.304 1.992 2.705 0.5 0.5 0.5
3.304 1.992 2.705 0.5 0.5 0.5
3.304 1.992 2.705 0.5 0.5 0.5
3.304 1.992 2.705 0.5 0.5 0.5
3.304 1.992 2.705 0.5 0.5 0.5
3.304 1.992 2.705 0.5 0.5 0.5
3.304 1.992 2.705 0.5 0.5 0.5
3.304 1.992 2.705 0.5 0.5 0.5
3.304 1.992 2.705 0.5 0.5 0.5
3.304 1.992 2.705 0.5 0.5 0.5
3.304 1.992 2.705 0.5 0.5 0.5
3.304 1.992 2.705 0.5 0.5 0.5
