-0.079 0.883 2.51 0.3 0.3 0.3
-0.079 0.883 2.51 0.3 0.3 0.3
-0.079 0.883 2.51 0.3 0.3 0.3
-0.079 0.883 2.51 0.3 0.3 0.3
-0.079 0.883 2.51 0.3 0.3 0.3
-0.079 0.883 2.51 0.3 0.3 0.3
-0.079 0.883 2.51 0.3 0.3 0.3
-0.079 0.883 2.51 0.3 0.3 0.3
-0.079 0.883 2.51 0.3 0.3 0.3
-0.079 0.883 2.51 0.3 0.3 0.3
-0.079 0.883 2.51 0.3 0.3 0.3
-0.079 0.883 2.51 0.3 0.3 0.3
-0.079 0.883 2.51 0.3 0.3 0.3
-0.079 0.883 2.51 0.3 0.3 0.3
-0.079 0.883 2.51 0.3 0.3 0.3
-0.079 0.883 2.51 0.3 0.3 0.3
-0.079 0.883 2.51 0.3 0.3 0.3
-0.079 0.883 2.51 0.3 0.3 0.3
-0.079 0.883 2.51 0.3 0.3 0.3
-0.079 0.883 2.51 0.3 0.3 0.3
-0.079 0.883 2.51 0.3 0.3 0.3
-0.079 0.883 2.51 0.3 0.3 0.3
-0.079 0.883 2.51 0.3 0.3 0.3
-0.079 0.883 2.51 0.3 0.3 0.3
-0.079 0.883 2.51 0.3 0.3 0.3
-0.079 0.883 2.51 0.3 0.3 0.3
-0.079 0.883 2.51 0.3 0.3 0.3
-0.079 0.883 2.51 0.3 0.3 0.3
-0.079 0.883 2.51 0.3 0.3 0.3
-0.079 0.883 2.51 0.3 0.3 0.3
-0.079 0.883 2.51 0.3 0.3 0.3
-0.079 0.883 2.51 0.3 0.3 0.3
-0.079 0.883 2.51 0.3 0.3 0.3
-0.079 0.883 2.51 0.3 0.3 0.3
-0.079 0.883 2.51 0.3 0.3 0.3
-0.079 0.883 2.51 0.3 0.3 0.3
-0.079 0.883 2.51 0.3 0.3 0.3
-0.079 0.883 2.51 0.3 0.3 0.3
-0.079 0.883 2.51 0.3 0.3 0.3
-0.079 0.883 2.51 0.3 0.3 0.3
-0.079 0.883 2.51 0.3 0.3 0.3
-0.079 0.883 2.51 0.3 0.3 0.3
-0.079 0.883 2.51 0.3 0.3 0.3
-0.079 0.883 2.51 0.3 0.3 0.3
-0.079 0.883 2.51 0.3 0.3 0.3
-0.079 0.883 2.51 0.3 0.3 0.3
-0.079 0.883 2.51 0.3 0.3 0.3
-0.079 0.883 2.51 0.3 0.3 0.3
-0.079 0.883 2.51 0.3 0.3 0.3
-0.079 0.883 2.51 0.3 0.3 0.3
-0.079 0.883 2.51 0.3 0.3 0.3
-0.079 0.883 2.51 0.3 0.3 0.3
-0.079 0.883 2.51 0.3 0.3 0.3
-0.079 0.883 2.51 0.3 0.3 0.3
-0.079 0.883 2.51 0.3 0.3 0.3
-0.079 0.883 2.51 0.3 0.3 0.3
-0.079 0.883 2.51 0.3 0.3 0.3
-0.079 0.883 2.51 0.3 0.3 0.3
-0.079 0.883 2.51 0.3 0.3 0.3
-0.079 0.883 2.51 0.3 0.3 0.3
-0.079 0.883 2.51 0.3 0.3 0.3
-0.079 0.883 2.51 0.3 0.3 0.3
-0.079 0.883 2.51 0.3 0.3 0.3
-0.079 0.883 2.51 0.3 0.3 0.3
-0.079 0.883 2.51 0.3 0.3 0.3
-0.079 0.883 2.51 0.3 0.3 0.3
-0.079 0.883 2.51 0.3 0.3 0.3
-0.079 0.883 2.51 0.3 0.3 0.3
-0.079 0.883 2.51 0.3 0.3 0.3
-0.079 0.883 2.51 0.3 0.3 0.3
-0.079 0.883 2.51 0.3 0.3 0.3
-0.079 0.883 2.51 0.3 0.3 0.3
-0.079 0.883 2.51 0.3 0.3 0.3
-0.079 0.883 2.51 0.3 0.3 0.3
-0.079 0.883 2.51 0.3 0.3 0.3
-0.079 0.883 2.51 0.3 0.3 0.3
-0.079 0.883 2.51 0.3 0.3 0.3
-0.079 0.883 2.51 0.3 0.3 0.3
-0.079 0.883 2.51 0.3 0.3 0.3
-0.079 0.883 2.51 0.3 0.3 0.3
-0.079 0.883 2.51 0.3 0.3 0.3
-0.079 0.883 2.51 0.3 0.3 0.3
-0.079 0.883 2.51 0.3 0.3 0.3
-0.079 0.883 2.51 0.3 0.3 0.3
-0.079 0.883 2.51 0.3 0.3 0.3
-0.079 0.883 2.51 0.3 0.3 0.3
-0.079 0.883 2.51 0.3 0.3 0.3
-0.079 0.883 2.51 0.3 0.3 0.3
-0.079 0.8940001 2.51 0.3 0.3 0.3
-0.079 0.8989999 2.51 0.3 0.3 0.3
-0.079 0.9100001 2.51 0.3 0.3 0.3
-0.079 0.916 2.51 0.3 0.3 0.3
-0.079 0.921 2.51 0.3 0.3 0.3
-0.079 0.9319999 2.51 0.3 0.3 0.3
-0.079 0.9319999 2.51 0.3 0.3 0.3
-0.079 0.938 2.51 0.3 0.3 0.3
-0.079 0.9430001 2.51 0.3 0.3 0.3
-0.079 0.949 2.51 0.3 0.3 0.3
-0.079 0.954 2.51 0.3 0.3 0.3
-0.079 0.96 2.51 0.3 0.3 0.3
-0.079 0.96 2.51 0.3 0.3 0.3
-0.079 0.9649999 2.51 0.3 0.3 0.3
-0.079 0.971 2.51 0.3 0.3 0.3
-0.079 0.9760001 2.51 0.3 0.3 0.3
-0.079 0.9809999 2.51 0.3 0.3 0.3
-0.079 0.987 2.51 0.3 0.3 0.3
-0.079 0.998 2.51 0.3 0.3 0.3
-0.079 1.009 2.51 0.3 0.3 0.3
-0.079 1.019 2.51 0.3 0.3 0.3
-0.079 1.03 2.51 0.3 0.3 0.3
-0.079 1.047 2.51 0.3 0.3 0.3
-0.079 1.057 2.51 0.3 0.3 0.3
-0.079 1.074 2.51 0.3 0.3 0.3
-0.079 1.09 2.51 0.3 0.3 0.3
-0.079 1.101 2.51 0.3 0.3 0.3
-0.079 1.111 2.51 0.3 0.3 0.3
-0.079 1.122 2.51 0.3 0.3 0.3
-0.079 1.133 2.51 0.3 0.3 0.3
-0.079 1.138 2.51 0.3 0.3 0.3
-0.079 1.149 2.51 0.3 0.3 0.3
-0.079 1.16 2.51 0.3 0.3 0.3
-0.079 1.176 2.51 0.3 0.3 0.3
-0.079 1.181 2.51 0.3 0.3 0.3
-0.079 1.192 2.51 0.3 0.3 0.3
-0.079 1.203 2.51 0.3 0.3 0.3
-0.079 1.208 2.51 0.3 0.3 0.3
-0.079 1.219 2.51 0.3 0.3 0.3
-0.079 1.23 2.51 0.3 0.3 0.3
-0.079 1.24 2.51 0.3 0.3 0.3
-0.079 1.251 2.51 0.3 0.3 0.3
-0.079 1.262 2.51 0.3 0.3 0.3
-0.079 1.272 2.51 0.3 0.3 0.3
-0.079 1.278 2.51 0.3 0.3 0.3
-0.079 1.288 2.51 0.3 0.3 0.3
-0.079 1.299 2.51 0.3 0.3 0.3
-0.079 1.31 2.51 0.3 0.3 0.3
-0.079 1.315 2.51 0.3 0.3 0.3
-0.079 1.326 2.51 0.3 0.3 0.3
-0.079 1.336 2.51 0.3 0.3 0.3
-0.079 1.342 2.51 0.3 0.3 0.3
-0.079 1.352 2.51 0.3 0.3 0.3
-0.079 1.358 2.51 0.3 0.3 0.3
-0.079 1.363 2.51 0.3 0.3 0.3
-0.079 1.374 2.51 0.3 0.3 0.3
-0.079 1.374 2.51 0.3 0.3 0.3
-0.079 1.379 2.51 0.3 0.3 0.3
-0.079 1.379 2.51 0.3 0.3 0.3
-0.079 1.379 2.51 0.3 0.3 0.3
-0.079 1.379 2.51 0.3 0.3 0.3
-0.079 1.379 2.51 0.3 0.3 0.3
-0.079 1.379 2.51 0.3 0.3 0.3
-0.079 1.374 2.51 0.3 0.3 0.3
-0.079 1.368 2.51 0.3 0.3 0.3
-0.079 1.352 2.51 0.3 0.3 0.3
-0.079 1.342 2.51 0.3 0.3 0.3
-0.079 1.326 2.51 0.3 0.3 0.3
-0.079 1.315 2.51 0.3 0.3 0.3
-0.079 1.299 2.51 0.3 0.3 0.3
-0.079 1.283 2.51 0.3 0.3 0.3
-0.079 1.272 2.51 0.3 0.3 0.3
-0.079 1.251 2.51 0.3 0.3 0.3
-0.079 1.235 2.51 0.3 0.3 0.3
-0.079 1.208 2.51 0.3 0.3 0.3
-0.079 1.187 2.51 0.3 0.3 0.3
-0.079 1.165 2.51 0.3 0.3 0.3
-0.079 1.143 2.51 0.3 0.3 0.3
-0.079 1.122 2.51 0.3 0.3 0.3
-0.079 1.1 2.51 0.3 0.3 0.3
-0.079 1.078 2.51 0.3 0.3 0.3
-0.079 1.057 2.51 0.3 0.3 0.3
-0.079 1.04 2.51 0.3 0.3 0.3
-0.079 1.024 2.51 0.3 0.3 0.3
-0.079 1.008 2.51 0.3 0.3 0.3
-0.079 0.9909999 2.51 0.3 0.3 0.3
-0.079 0.975 2.51 0.3 0.3 0.3
-0.079 0.9579999 2.51 0.3 0.3 0.3
-0.079 0.937 2.51 0.3 0.3 0.3
-0.079 0.915 2.51 0.3 0.3 0.3
-0.079 0.898 2.51 0.3 0.3 0.3
-0.079 0.893 2.51 0.3 0.3 0.3
-0.079 0.882 2.51 0.3 0.3 0.3
-0.079 0.8710001 2.51 0.3 0.3 0.3
-0.079 0.86 2.51 0.3 0.3 0.3
-0.079 0.849 2.51 0.3 0.3 0.3
-0.079 0.8429999 2.51 0.3 0.3 0.3
-0.079 0.832 2.51 0.3 0.3 0.3
-0.079 0.821 2.51 0.3 0.3 0.3
-0.079 0.8150001 2.51 0.3 0.3 0.3
-0.079 0.8099999 2.51 0.3 0.3 0.3
-0.079 0.8099999 2.51 0.3 0.3 0.3
-0.079 0.8099999 2.51 0.3 0.3 0.3
-0.079 0.8099999 2.51 0.3 0.3 0.3
-0.079 0.8099999 2.51 0.3 0.3 0.3
-0.079 0.8099999 2.51 0.3 0.3 0.3
-0.079 0.8099999 2.51 0.3 0.3 0.3
-0.079 0.8099999 2.51 0.3 0.3 0.3
-0.079 0.8099999 2.51 0.3 0.3 0.3
-0.079 0.8099999 2.51 0.3 0.3 0.3
-0.079 0.8099999 2.51 0.3 0.3 0.3
-0.079 0.8099999 2.51 0.3 0.3 0.3
-0.079 0.8099999 2.51 0.3 0.3 0.3
-0.079 0.8099999 2.51 0.3 0.3 0.3
-0.079 0.8099999 2.51 0.3 0.3 0.3
-0.079 0.8099999 2.51 0.3 0.3 0.3
-0.079 0.8099999 2.51 0.3 0.3 0.3
-0.079 0.8099999 2.51 0.3 0.3 0.3
-0.079 0.8099999 2.51 0.3 0.3 0.3
-0.079 0.8099999 2.51 0.3 0.3 0.3
-0.079 0.8150001 2.51 0.3 0.3 0.3
-0.079 0.821 2.51 0.3 0.3 0.3
-0.079 0.826 2.51 0.3 0.3 0.3
-0.079 0.8429999 2.51 0.3 0.3 0.3
-0.079 0.849 2.51 0.3 0.3 0.3
-0.079 0.865 2.51 0.3 0.3 0.3
-0.079 0.8759999 2.51 0.3 0.3 0.3
-0.079 0.8870001 2.51 0.3 0.3 0.3
-0.079 0.898 2.51 0.3 0.3 0.3
-0.079 0.9089999 2.51 0.3 0.3 0.3
-0.079 0.915 2.51 0.3 0.3 0.3
-0.079 0.9200001 2.51 0.3 0.3 0.3
-0.079 0.931 2.51 0.3 0.3 0.3
-0.079 0.9419999 2.51 0.3 0.3 0.3
-0.079 0.9530001 2.51 0.3 0.3 0.3
-0.079 0.964 2.51 0.3 0.3 0.3
-0.079 0.975 2.51 0.3 0.3 0.3
-0.079 0.9860001 2.51 0.3 0.3 0.3
-0.079 1.002 2.51 0.3 0.3 0.3
-0.079 1.008 2.51 0.3 0.3 0.3
-0.079 1.019 2.51 0.3 0.3 0.3
-0.079 1.03 2.51 0.3 0.3 0.3
-0.079 1.04 2.51 0.3 0.3 0.3
-0.079 1.051 2.51 0.3 0.3 0.3
-0.079 1.057 2.51 0.3 0.3 0.3
-0.079 1.068 2.51 0.3 0.3 0.3
-0.079 1.073 2.51 0.3 0.3 0.3
-0.079 1.084 2.51 0.3 0.3 0.3
-0.079 1.095 2.51 0.3 0.3 0.3
-0.079 1.1 2.51 0.3 0.3 0.3
-0.079 1.111 2.51 0.3 0.3 0.3
-0.079 1.116 2.51 0.3 0.3 0.3
-0.079 1.127 2.51 0.3 0.3 0.3
-0.079 1.138 2.51 0.3 0.3 0.3
-0.079 1.144 2.51 0.3 0.3 0.3
-0.079 1.154 2.51 0.3 0.3 0.3
-0.079 1.165 2.51 0.3 0.3 0.3
-0.079 1.176 2.51 0.3 0.3 0.3
-0.079 1.187 2.51 0.3 0.3 0.3
-0.079 1.197 2.51 0.3 0.3 0.3
-0.079 1.208 2.51 0.3 0.3 0.3
-0.079 1.219 2.51 0.3 0.3 0.3
-0.079 1.23 2.51 0.3 0.3 0.3
-0.079 1.246 2.51 0.3 0.3 0.3
-0.079 1.256 2.51 0.3 0.3 0.3
-0.079 1.267 2.51 0.3 0.3 0.3
-0.079 1.278 2.51 0.3 0.3 0.3
-0.079 1.283 2.51 0.3 0.3 0.3
-0.079 1.294 2.51 0.3 0.3 0.3
-0.079 1.299 2.51 0.3 0.3 0.3
-0.079 1.31 2.51 0.3 0.3 0.3
-0.079 1.315 2.51 0.3 0.3 0.3
-0.079 1.32 2.51 0.3 0.3 0.3
-0.079 1.331 2.51 0.3 0.3 0.3
-0.079 1.342 2.51 0.3 0.3 0.3
-0.079 1.352 2.51 0.3 0.3 0.3
-0.079 1.358 2.51 0.3 0.3 0.3
-0.079 1.368 2.51 0.3 0.3 0.3
-0.079 1.379 2.51 0.3 0.3 0.3
-0.079 1.39 2.51 0.3 0.3 0.3
-0.079 1.4 2.51 0.3 0.3 0.3
-0.079 1.411 2.51 0.3 0.3 0.3
-0.079 1.421 2.51 0.3 0.3 0.3
-0.079 1.432 2.51 0.3 0.3 0.3
-0.079 1.442 2.51 0.3 0.3 0.3
-0.079 1.453 2.51 0.3 0.3 0.3
-0.079 1.463 2.51 0.3 0.3 0.3
-0.079 1.469 2.51 0.3 0.3 0.3
-0.079 1.479 2.51 0.3 0.3 0.3
-0.079 1.49 2.51 0.3 0.3 0.3
-0.079 1.5 2.51 0.3 0.3 0.3
-0.079 1.511 2.51 0.3 0.3 0.3
-0.079 1.526 2.51 0.3 0.3 0.3
-0.079 1.537 2.51 0.3 0.3 0.3
-0.079 1.553 2.51 0.3 0.3 0.3
-0.079 1.568 2.51 0.3 0.3 0.3
-0.079 1.579 2.51 0.3 0.3 0.3
-0.079 1.594 2.51 0.3 0.3 0.3
-0.079 1.599 2.51 0.3 0.3 0.3
-0.079 1.61 2.51 0.3 0.3 0.3
-0.079 1.615 2.51 0.3 0.3 0.3
-0.079 1.62 2.51 0.3 0.3 0.3
-0.079 1.62 2.51 0.3 0.3 0.3
-0.079 1.62 2.51 0.3 0.3 0.3
-0.079 1.62 2.51 0.3 0.3 0.3
-0.079 1.62 2.51 0.3 0.3 0.3
-0.079 1.62 2.51 0.3 0.3 0.3
-0.079 1.62 2.51 0.3 0.3 0.3
-0.079 1.62 2.51 0.3 0.3 0.3
-0.079 1.62 2.51 0.3 0.3 0.3
-0.079 1.62 2.51 0.3 0.3 0.3
-0.079 1.62 2.51 0.3 0.3 0.3
-0.079 1.605 2.51 0.3 0.3 0.3
-0.079 1.589 2.51 0.3 0.3 0.3
-0.079 1.573 2.51 0.3 0.3 0.3
-0.079 1.553 2.51 0.3 0.3 0.3
-0.079 1.526 2.51 0.3 0.3 0.3
-0.079 1.505 2.51 0.3 0.3 0.3
-0.079 1.479 2.51 0.3 0.3 0.3
-0.079 1.458 2.51 0.3 0.3 0.3
-0.079 1.437 2.51 0.3 0.3 0.3
-0.079 1.416 2.51 0.3 0.3 0.3
-0.079 1.395 2.51 0.3 0.3 0.3
-0.079 1.374 2.51 0.3 0.3 0.3
-0.079 1.353 2.51 0.3 0.3 0.3
-0.079 1.326 2.51 0.3 0.3 0.3
-0.079 1.299 2.51 0.3 0.3 0.3
-0.079 1.273 2.51 0.3 0.3 0.3
-0.079 1.246 2.51 0.3 0.3 0.3
-0.079 1.214 2.51 0.3 0.3 0.3
-0.079 1.182 2.51 0.3 0.3 0.3
-0.079 1.15 2.51 0.3 0.3 0.3
-0.079 1.117 2.51 0.3 0.3 0.3
-0.079 1.09 2.51 0.3 0.3 0.3
-0.079 1.068 2.51 0.3 0.3 0.3
-0.079 1.047 2.51 0.3 0.3 0.3
-0.079 1.031 2.51 0.3 0.3 0.3
-0.079 1.014 2.51 0.3 0.3 0.3
-0.079 0.998 2.51 0.3 0.3 0.3
-0.079 0.987 2.51 0.3 0.3 0.3
-0.079 0.9760001 2.51 0.3 0.3 0.3
-0.079 0.9649999 2.51 0.3 0.3 0.3
-0.079 0.96 2.51 0.3 0.3 0.3
-0.079 0.954 2.51 0.3 0.3 0.3
-0.079 0.949 2.51 0.3 0.3 0.3
-0.079 0.949 2.51 0.3 0.3 0.3
-0.079 0.949 2.51 0.3 0.3 0.3
-0.079 0.949 2.51 0.3 0.3 0.3
-0.079 0.949 2.51 0.3 0.3 0.3
-0.079 0.949 2.51 0.3 0.3 0.3
-0.079 0.949 2.51 0.3 0.3 0.3
-0.079 0.949 2.51 0.3 0.3 0.3
-0.079 0.949 2.51 0.3 0.3 0.3
-0.079 0.949 2.51 0.3 0.3 0.3
-0.079 0.949 2.51 0.3 0.3 0.3
-0.079 0.949 2.51 0.3 0.3 0.3
-0.079 0.949 2.51 0.3 0.3 0.3
-0.079 0.949 2.51 0.3 0.3 0.3
-0.079 0.949 2.51 0.3 0.3 0.3
-0.079 0.949 2.51 0.3 0.3 0.3
-0.079 0.949 2.51 0.3 0.3 0.3
-0.079 0.949 2.51 0.3 0.3 0.3
-0.079 0.949 2.51 0.3 0.3 0.3
-0.079 0.949 2.51 0.3 0.3 0.3
-0.079 0.949 2.51 0.3 0.3 0.3
-0.079 0.949 2.51 0.3 0.3 0.3
-0.079 0.949 2.51 0.3 0.3 0.3
-0.079 0.949 2.51 0.3 0.3 0.3
-0.079 0.949 2.51 0.3 0.3 0.3
-0.079 0.949 2.51 0.3 0.3 0.3
-0.079 0.949 2.51 0.3 0.3 0.3
-0.079 0.949 2.51 0.3 0.3 0.3
-0.079 0.949 2.51 0.3 0.3 0.3
-0.079 0.949 2.51 0.3 0.3 0.3
-0.079 0.949 2.51 0.3 0.3 0.3
-0.079 0.949 2.51 0.3 0.3 0.3
-0.079 0.949 2.51 0.3 0.3 0.3
-0.079 0.949 2.51 0.3 0.3 0.3
-0.079 0.949 2.51 0.3 0.3 0.3
-0.079 0.949 2.51 0.3 0.3 0.3
-0.079 0.949 2.51 0.3 0.3 0.3
-0.079 0.949 2.51 0.3 0.3 0.3
-0.079 0.949 2.51 0.3 0.3 0.3
-0.079 0.949 2.51 0.3 0.3 0.3
-0.079 0.949 2.51 0.3 0.3 0.3
-0.079 0.949 2.51 0.3 0.3 0.3
-0.079 0.949 2.51 0.3 0.3 0.3
-0.079 0.949 2.51 0.3 0.3 0.3
-0.079 0.949 2.51 0.3 0.3 0.3
-0.079 0.949 2.51 0.3 0.3 0.3
-0.079 0.949 2.51 0.3 0.3 0.3
-0.079 0.949 2.51 0.3 0.3 0.3
-0.079 0.949 2.51 0.3 0.3 0.3
-0.079 0.949 2.51 0.3 0.3 0.3
-0.079 0.949 2.51 0.3 0.3 0.3
-0.079 0.949 2.51 0.3 0.3 0.3
-0.079 0.949 2.51 0.3 0.3 0.3
-0.079 0.949 2.51 0.3 0.3 0.3
-0.079 0.949 2.51 0.3 0.3 0.3
-0.079 0.949 2.51 0.3 0.3 0.3
-0.079 0.949 2.51 0.3 0.3 0.3
-0.079 0.949 2.51 0.3 0.3 0.3
-0.079 0.949 2.51 0.3 0.3 0.3
-0.079 0.949 2.51 0.3 0.3 0.3
-0.079 0.949 2.51 0.3 0.3 0.3
-0.079 0.949 2.51 0.3 0.3 0.3
-0.079 0.949 2.51 0.3 0.3 0.3
-0.079 0.949 2.51 0.3 0.3 0.3
-0.079 0.949 2.51 0.3 0.3 0.3
-0.079 0.949 2.51 0.3 0.3 0.3
-0.079 0.949 2.51 0.3 0.3 0.3
-0.079 0.949 2.51 0.3 0.3 0.3
-0.079 0.949 2.51 0.3 0.3 0.3
-0.079 0.949 2.51 0.3 0.3 0.3
-0.079 0.949 2.51 0.3 0.3 0.3
-0.074 0.949 2.51 0.3 0.3 0.3
-0.06800008 0.949 2.51 0.3 0.3 0.3
-0.05200005 0.949 2.51 0.3 0.3 0.3
-0.02600002 0.949 2.51 0.3 0.3 0.3
0.0009999275 0.949 2.51 0.3 0.3 0.3
0.03299999 0.949 2.51 0.3 0.3 0.3
0.06500006 0.949 2.51 0.3 0.3 0.3
0.09200001 0.949 2.51 0.3 0.3 0.3
0.119 0.949 2.51 0.3 0.3 0.3
0.14 0.949 2.51 0.3 0.3 0.3
0.156 0.949 2.51 0.3 0.3 0.3
0.172 0.949 2.51 0.3 0.3 0.3
0.194 0.949 2.51 0.3 0.3 0.3
0.215 0.949 2.51 0.3 0.3 0.3
0.237 0.949 2.51 0.3 0.3 0.3
0.263 0.949 2.51 0.3 0.3 0.3
0.296 0.949 2.51 0.3 0.3 0.3
0.317 0.949 2.51 0.3 0.3 0.3
0.344 0.949 2.51 0.3 0.3 0.3
0.366 0.949 2.51 0.3 0.3 0.3
0.382 0.949 2.51 0.3 0.3 0.3
0.393 0.949 2.51 0.3 0.3 0.3
0.403 0.949 2.51 0.3 0.3 0.3
0.414 0.949 2.51 0.3 0.3 0.3
0.43 0.949 2.51 0.3 0.3 0.3
0.441 0.949 2.51 0.3 0.3 0.3
0.452 0.949 2.51 0.3 0.3 0.3
0.473 0.949 2.51 0.3 0.3 0.3
0.495 0.949 2.51 0.3 0.3 0.3
0.522 0.949 2.51 0.3 0.3 0.3
0.543 0.949 2.51 0.3 0.3 0.3
0.5699999 0.949 2.51 0.3 0.3 0.3
0.603 0.949 2.51 0.3 0.3 0.3
0.6339999 0.949 2.51 0.3 0.3 0.3
0.661 0.949 2.51 0.3 0.3 0.3
0.688 0.949 2.51 0.3 0.3 0.3
0.715 0.949 2.51 0.3 0.3 0.3
0.737 0.949 2.51 0.3 0.3 0.3
0.7589999 0.949 2.51 0.3 0.3 0.3
0.775 0.949 2.51 0.3 0.3 0.3
0.791 0.949 2.51 0.3 0.3 0.3
0.807 0.949 2.51 0.3 0.3 0.3
0.807 0.949 2.51 0.3 0.3 0.3
0.812 0.949 2.51 0.3 0.3 0.3
0.818 0.949 2.51 0.3 0.3 0.3
0.819 0.949 2.51 0.3 0.3 0.3
0.819 0.949 2.51 0.3 0.3 0.3
0.819 0.949 2.51 0.3 0.3 0.3
0.819 0.949 2.51 0.3 0.3 0.3
0.819 0.949 2.51 0.3 0.3 0.3
0.8199999 0.949 2.51 0.3 0.3 0.3
0.8149999 0.949 2.51 0.3 0.3 0.3
0.8049999 0.949 2.51 0.3 0.3 0.3
0.8 0.949 2.51 0.3 0.3 0.3
0.785 0.949 2.51 0.3 0.3 0.3
0.77 0.949 2.51 0.3 0.3 0.3
0.749 0.949 2.51 0.3 0.3 0.3
0.733 0.949 2.51 0.3 0.3 0.3
0.707 0.949 2.51 0.3 0.3 0.3
0.6799999 0.949 2.51 0.3 0.3 0.3
0.654 0.949 2.51 0.3 0.3 0.3
0.622 0.949 2.51 0.3 0.3 0.3
0.595 0.949 2.51 0.3 0.3 0.3
0.574 0.949 2.51 0.3 0.3 0.3
0.552 0.949 2.51 0.3 0.3 0.3
0.536 0.949 2.51 0.3 0.3 0.3
0.52 0.949 2.51 0.3 0.3 0.3
0.515 0.949 2.51 0.3 0.3 0.3
0.504 0.949 2.51 0.3 0.3 0.3
0.498 0.949 2.51 0.3 0.3 0.3
0.493 0.949 2.51 0.3 0.3 0.3
0.488 0.949 2.51 0.3 0.3 0.3
0.488 0.949 2.51 0.3 0.3 0.3
0.477 0.949 2.51 0.3 0.3 0.3
0.472 0.949 2.51 0.3 0.3 0.3
0.467 0.949 2.51 0.3 0.3 0.3
0.461 0.949 2.51 0.3 0.3 0.3
0.456 0.949 2.51 0.3 0.3 0.3
0.45 0.949 2.51 0.3 0.3 0.3
0.445 0.949 2.51 0.3 0.3 0.3
0.44 0.949 2.51 0.3 0.3 0.3
0.434 0.949 2.51 0.3 0.3 0.3
0.434 0.949 2.51 0.3 0.3 0.3
0.434 0.949 2.51 0.3 0.3 0.3
0.434 0.949 2.51 0.3 0.3 0.3
0.434 0.949 2.51 0.3 0.3 0.3
0.434 0.949 2.51 0.3 0.3 0.3
0.434 0.949 2.51 0.3 0.3 0.3
0.434 0.949 2.51 0.3 0.3 0.3
0.434 0.949 2.51 0.3 0.3 0.3
0.434 0.949 2.51 0.3 0.3 0.3
0.434 0.949 2.51 0.3 0.3 0.3
0.434 0.949 2.51 0.3 0.3 0.3
0.445 0.949 2.51 0.3 0.3 0.3
0.45 0.949 2.51 0.3 0.3 0.3
0.461 0.949 2.51 0.3 0.3 0.3
0.483 0.949 2.51 0.3 0.3 0.3
0.505 0.949 2.51 0.3 0.3 0.3
0.521 0.949 2.51 0.3 0.3 0.3
0.538 0.949 2.51 0.3 0.3 0.3
0.544 0.949 2.51 0.3 0.3 0.3
0.549 0.949 2.51 0.3 0.3 0.3
0.549 0.949 2.51 0.3 0.3 0.3
0.549 0.949 2.51 0.3 0.3 0.3
0.549 0.949 2.51 0.3 0.3 0.3
0.549 0.949 2.51 0.3 0.3 0.3
0.549 0.949 2.51 0.3 0.3 0.3
0.549 0.949 2.51 0.3 0.3 0.3
0.549 0.949 2.51 0.3 0.3 0.3
0.55 0.949 2.51 0.3 0.3 0.3
0.544 0.949 2.51 0.3 0.3 0.3
0.539 0.949 2.51 0.3 0.3 0.3
0.539 0.949 2.51 0.3 0.3 0.3
0.539 0.949 2.51 0.3 0.3 0.3
0.533 0.949 2.51 0.3 0.3 0.3
0.533 0.949 2.51 0.3 0.3 0.3
0.529 0.949 2.51 0.3 0.3 0.3
0.523 0.949 2.51 0.3 0.3 0.3
0.518 0.949 2.51 0.3 0.3 0.3
0.507 0.949 2.51 0.3 0.3 0.3
0.496 0.949 2.51 0.3 0.3 0.3
0.491 0.949 2.51 0.3 0.3 0.3
0.48 0.949 2.51 0.3 0.3 0.3
0.475 0.949 2.51 0.3 0.3 0.3
0.475 0.949 2.51 0.3 0.3 0.3
0.47 0.949 2.51 0.3 0.3 0.3
0.47 0.949 2.51 0.3 0.3 0.3
0.464 0.949 2.51 0.3 0.3 0.3
0.459 0.949 2.51 0.3 0.3 0.3
0.459 0.949 2.51 0.3 0.3 0.3
0.454 0.949 2.51 0.3 0.3 0.3
0.454 0.949 2.51 0.3 0.3 0.3
0.454 0.949 2.51 0.3 0.3 0.3
0.454 0.949 2.51 0.3 0.3 0.3
0.454 0.949 2.51 0.3 0.3 0.3
0.454 0.949 2.51 0.3 0.3 0.3
0.454 0.949 2.51 0.3 0.3 0.3
0.454 0.949 2.51 0.3 0.3 0.3
0.454 0.949 2.51 0.3 0.3 0.3
0.454 0.949 2.51 0.3 0.3 0.3
0.454 0.949 2.51 0.3 0.3 0.3
0.454 0.949 2.51 0.3 0.3 0.3
0.454 0.949 2.51 0.3 0.3 0.3
0.454 0.949 2.51 0.3 0.3 0.3
0.454 0.949 2.51 0.3 0.3 0.3
0.454 0.949 2.51 0.3 0.3 0.3
0.454 0.949 2.51 0.3 0.3 0.3
0.454 0.949 2.51 0.3 0.3 0.3
0.454 0.949 2.51 0.3 0.3 0.3
0.465 0.949 2.51 0.3 0.3 0.3
0.481 0.949 2.51 0.3 0.3 0.3
0.497 0.949 2.51 0.3 0.3 0.3
0.513 0.949 2.51 0.3 0.3 0.3
0.53 0.949 2.51 0.3 0.3 0.3
0.546 0.949 2.51 0.3 0.3 0.3
0.562 0.949 2.51 0.3 0.3 0.3
0.579 0.949 2.51 0.3 0.3 0.3
0.595 0.949 2.51 0.3 0.3 0.3
0.6059999 0.949 2.51 0.3 0.3 0.3
0.6059999 0.949 2.51 0.3 0.3 0.3
0.617 0.949 2.51 0.3 0.3 0.3
0.617 0.949 2.51 0.3 0.3 0.3
0.617 0.949 2.51 0.3 0.3 0.3
0.617 0.949 2.51 0.3 0.3 0.3
0.617 0.949 2.51 0.3 0.3 0.3
0.617 0.949 2.51 0.3 0.3 0.3
0.617 0.949 2.51 0.3 0.3 0.3
0.617 0.949 2.51 0.3 0.3 0.3
0.617 0.949 2.51 0.3 0.3 0.3
0.617 0.949 2.51 0.3 0.3 0.3
0.617 0.949 2.51 0.3 0.3 0.3
0.617 0.949 2.51 0.3 0.3 0.3
0.617 0.949 2.51 0.3 0.3 0.3
0.617 0.949 2.51 0.3 0.3 0.3
0.617 0.949 2.51 0.3 0.3 0.3
0.617 0.949 2.51 0.3 0.3 0.3
0.617 0.949 2.51 0.3 0.3 0.3
0.617 0.949 2.51 0.3 0.3 0.3
0.617 0.949 2.51 0.3 0.3 0.3
0.617 0.949 2.51 0.3 0.3 0.3
0.617 0.949 2.51 0.3 0.3 0.3
0.617 0.949 2.51 0.3 0.3 0.3
0.617 0.949 2.51 0.3 0.3 0.3
0.617 0.949 2.51 0.3 0.3 0.3
0.617 0.949 2.51 0.3 0.3 0.3
0.617 0.949 2.51 0.3 0.3 0.3
0.617 0.949 2.51 0.3 0.3 0.3
0.617 0.949 2.51 0.3 0.3 0.3
0.617 0.949 2.51 0.3 0.3 0.3
0.617 0.949 2.51 0.3 0.3 0.3
0.617 0.949 2.51 0.3 0.3 0.3
0.617 0.949 2.51 0.3 0.3 0.3
0.617 0.949 2.51 0.3 0.3 0.3
0.617 0.949 2.51 0.3 0.3 0.3
0.617 0.949 2.51 0.3 0.3 0.3
0.617 0.949 2.51 0.3 0.3 0.3
0.617 0.949 2.51 0.3 0.3 0.3
0.617 0.949 2.51 0.3 0.3 0.3
0.617 0.949 2.51 0.3 0.3 0.3
0.617 0.949 2.51 0.3 0.3 0.3
0.617 0.949 2.51 0.3 0.3 0.3
0.617 0.949 2.51 0.3 0.3 0.3
0.617 0.949 2.51 0.3 0.3 0.3
0.617 0.949 2.51 0.3 0.3 0.3
0.617 0.949 2.51 0.3 0.3 0.3
0.617 0.949 2.51 0.3 0.3 0.3
0.617 0.949 2.51 0.3 0.3 0.3
0.617 0.949 2.51 0.3 0.3 0.3
0.617 0.949 2.51 0.3 0.3 0.3
0.617 0.949 2.51 0.3 0.3 0.3
0.617 0.949 2.51 0.3 0.3 0.3
0.617 0.949 2.51 0.3 0.3 0.3
0.617 0.949 2.51 0.3 0.3 0.3
0.617 0.949 2.51 0.3 0.3 0.3
0.617 0.949 2.51 0.3 0.3 0.3
0.617 0.949 2.51 0.3 0.3 0.3
0.617 0.949 2.51 0.3 0.3 0.3
0.617 0.949 2.51 0.3 0.3 0.3
0.617 0.949 2.51 0.3 0.3 0.3
0.617 0.949 2.51 0.3 0.3 0.3
0.617 0.949 2.51 0.3 0.3 0.3
0.617 0.949 2.51 0.3 0.3 0.3
0.617 0.949 2.51 0.3 0.3 0.3
0.617 0.949 2.51 0.3 0.3 0.3
0.617 0.949 2.51 0.3 0.3 0.3
0.617 0.949 2.51 0.3 0.3 0.3
0.617 0.949 2.51 0.3 0.3 0.3
0.617 0.949 2.51 0.3 0.3 0.3
0.617 0.949 2.51 0.3 0.3 0.3
0.617 0.949 2.51 0.3 0.3 0.3
0.617 0.949 2.51 0.3 0.3 0.3
0.617 0.949 2.51 0.3 0.3 0.3
0.617 0.949 2.51 0.3 0.3 0.3
0.617 0.949 2.51 0.3 0.3 0.3
0.617 0.949 2.51 0.3 0.3 0.3
0.617 0.949 2.51 0.3 0.3 0.3
0.617 0.949 2.51 0.3 0.3 0.3
0.617 0.949 2.51 0.3 0.3 0.3
0.617 0.949 2.51 0.3 0.3 0.3
0.617 0.949 2.51 0.3 0.3 0.3
0.617 0.949 2.51 0.3 0.3 0.3
0.617 0.949 2.51 0.3 0.3 0.3
0.617 0.949 2.51 0.3 0.3 0.3
0.617 0.949 2.51 0.3 0.3 0.3
0.617 0.949 2.51 0.3 0.3 0.3
0.617 0.949 2.51 0.3 0.3 0.3
0.617 0.949 2.51 0.3 0.3 0.3
0.617 0.949 2.51 0.3 0.3 0.3
0.617 0.949 2.51 0.3 0.3 0.3
0.617 0.949 2.51 0.3 0.3 0.3
0.617 0.949 2.51 0.3 0.3 0.3
0.617 0.949 2.51 0.3 0.3 0.3
0.617 0.949 2.51 0.3 0.3 0.3
0.617 0.949 2.51 0.3 0.3 0.3
0.617 0.949 2.51 0.3 0.3 0.3
0.617 0.949 2.51 0.3 0.3 0.3
0.617 0.949 2.51 0.3 0.3 0.3
0.617 0.949 2.51 0.3 0.3 0.3
0.617 0.949 2.51 0.3 0.3 0.3
0.617 0.949 2.51 0.3 0.3 0.3
0.617 0.949 2.51 0.3 0.3 0.3
0.617 0.949 2.51 0.3 0.3 0.3
0.617 0.949 2.51 0.3 0.3 0.3
0.617 0.949 2.51 0.3 0.3 0.3
0.617 0.949 2.51 0.3 0.3 0.3
0.617 0.949 2.51 0.3 0.3 0.3
0.617 0.949 2.51 0.3 0.3 0.3
0.617 0.949 2.51 0.3 0.3 0.3
0.617 0.949 2.51 0.3 0.3 0.3
0.617 0.949 2.51 0.3 0.3 0.3
0.617 0.949 2.51 0.3 0.3 0.3
0.617 0.949 2.51 0.3 0.3 0.3
0.617 0.949 2.51 0.3 0.3 0.3
0.617 0.949 2.51 0.3 0.3 0.3
0.617 0.949 2.51 0.3 0.3 0.3
0.617 0.949 2.51 0.3 0.3 0.3
0.617 0.949 2.51 0.3 0.3 0.3
0.617 0.949 2.51 0.3 0.3 0.3
0.617 0.949 2.51 0.3 0.3 0.3
0.617 0.949 2.51 0.3 0.3 0.3
0.617 0.949 2.51 0.3 0.3 0.3
0.617 0.949 2.51 0.3 0.3 0.3
0.617 0.949 2.51 0.3 0.3 0.3
0.617 0.949 2.51 0.3 0.3 0.3
0.617 0.949 2.51 0.3 0.3 0.3
0.617 0.949 2.51 0.3 0.3 0.3
0.617 0.949 2.51 0.3 0.3 0.3
0.617 0.949 2.51 0.3 0.3 0.3
0.617 0.949 2.51 0.3 0.3 0.3
0.617 0.949 2.51 0.3 0.3 0.3
0.617 0.949 2.51 0.3 0.3 0.3
0.617 0.949 2.51 0.3 0.3 0.3
0.617 0.949 2.51 0.3 0.3 0.3
0.617 0.949 2.51 0.3 0.3 0.3
0.617 0.949 2.51 0.3 0.3 0.3
0.617 0.949 2.51 0.3 0.3 0.3
0.617 0.949 2.51 0.3 0.3 0.3
0.617 0.949 2.51 0.3 0.3 0.3
0.617 0.949 2.51 0.3 0.3 0.3
0.617 0.949 2.51 0.3 0.3 0.3
0.617 0.949 2.51 0.3 0.3 0.3
0.617 0.949 2.51 0.3 0.3 0.3
0.617 0.949 2.51 0.3 0.3 0.3
0.617 0.949 2.51 0.3 0.3 0.3
0.617 0.949 2.51 0.3 0.3 0.3
0.617 0.949 2.51 0.3 0.3 0.3
0.617 0.949 2.51 0.3 0.3 0.3
0.617 0.949 2.51 0.3 0.3 0.3
0.617 0.949 2.51 0.3 0.3 0.3
0.617 0.949 2.51 0.3 0.3 0.3
0.617 0.949 2.51 0.3 0.3 0.3
0.617 0.949 2.51 0.3 0.3 0.3
0.617 0.949 2.51 0.3 0.3 0.3
0.617 0.949 2.51 0.3 0.3 0.3
0.617 0.949 2.51 0.3 0.3 0.3
0.617 0.949 2.51 0.3 0.3 0.3
0.617 0.949 2.51 0.3 0.3 0.3
0.617 0.949 2.51 0.3 0.3 0.3
0.617 0.949 2.51 0.3 0.3 0.3
0.617 0.949 2.51 0.3 0.3 0.3
0.617 0.949 2.51 0.3 0.3 0.3
0.617 0.949 2.51 0.3 0.3 0.3
0.617 0.949 2.51 0.3 0.3 0.3
0.617 0.949 2.51 0.3 0.3 0.3
0.617 0.949 2.51 0.3 0.3 0.3
0.617 0.949 2.51 0.3 0.3 0.3
0.617 0.949 2.51 0.3 0.3 0.3
0.617 0.949 2.51 0.3 0.3 0.3
0.617 0.949 2.51 0.3 0.3 0.3
0.617 0.949 2.51 0.3 0.3 0.3
0.617 0.949 2.51 0.3 0.3 0.3
0.617 0.949 2.51 0.3 0.3 0.3
0.617 0.949 2.51 0.3 0.3 0.3
0.617 0.949 2.51 0.3 0.3 0.3
0.617 0.949 2.51 0.3 0.3 0.3
0.617 0.949 2.51 0.3 0.3 0.3
0.617 0.949 2.51 0.3 0.3 0.3
