1.485 0.513 1.368 0.3390359 0.3390359 0.3390359
1.485 0.513 1.368 0.3390359 0.3390359 0.3390359
1.485 0.513 1.368 0.3390359 0.3390359 0.3390359
1.485 0.513 1.368 0.3390359 0.3390359 0.3390359
1.485 0.513 1.368 0.3390359 0.3390359 0.3390359
1.485 0.513 1.368 0.3390359 0.3390359 0.3390359
1.485 0.513 1.368 0.3390359 0.3390359 0.3390359
1.485 0.513 1.368 0.3390359 0.3390359 0.3390359
1.485 0.513 1.368 0.3390359 0.3390359 0.3390359
1.485 0.513 1.368 0.3390359 0.3390359 0.3390359
1.485 0.513 1.368 0.3390359 0.3390359 0.3390359
1.485 0.513 1.368 0.3390359 0.3390359 0.3390359
1.485 0.513 1.368 0.3390359 0.3390359 0.3390359
1.485 0.513 1.368 0.3390359 0.3390359 0.3390359
1.485 0.513 1.368 0.3390359 0.3390359 0.3390359
1.485 0.513 1.368 0.3390359 0.3390359 0.3390359
1.485 0.513 1.368 0.3390359 0.3390359 0.3390359
1.485 0.513 1.368 0.3390359 0.3390359 0.3390359
1.485 0.513 1.368 0.3390359 0.3390359 0.3390359
1.485 0.513 1.368 0.3390359 0.3390359 0.3390359
1.485 0.513 1.368 0.3390359 0.3390359 0.3390359
1.485 0.513 1.368 0.3390359 0.3390359 0.3390359
1.485 0.513 1.368 0.3390359 0.3390359 0.3390359
1.485 0.513 1.368 0.3390359 0.3390359 0.3390359
1.485 0.513 1.368 0.3390359 0.3390359 0.3390359
1.485 0.513 1.368 0.3390359 0.3390359 0.3390359
1.485 0.513 1.368 0.3390359 0.3390359 0.3390359
1.485 0.513 1.368 0.3390359 0.3390359 0.3390359
1.485 0.513 1.368 0.3390359 0.3390359 0.3390359
1.485 0.513 1.368 0.3390359 0.3390359 0.3390359
1.485 0.513 1.368 0.3390359 0.3390359 0.3390359
1.485 0.513 1.368 0.3390359 0.3390359 0.3390359
1.485 0.513 1.368 0.3390359 0.3390359 0.3390359
1.485 0.513 1.368 0.3390359 0.3390359 0.3390359
1.485 0.513 1.368 0.3390359 0.3390359 0.3390359
1.485 0.513 1.368 0.3390359 0.3390359 0.3390359
1.485 0.513 1.368 0.3390359 0.3390359 0.3390359
1.485 0.513 1.368 0.3390359 0.3390359 0.3390359
1.485 0.513 1.368 0.3390359 0.3390359 0.3390359
1.485 0.513 1.368 0.3390359 0.3390359 0.3390359
1.485 0.513 1.368 0.3390359 0.3390359 0.3390359
1.485 0.513 1.368 0.3390359 0.3390359 0.3390359
1.485 0.513 1.368 0.3390359 0.3390359 0.3390359
1.485 0.513 1.368 0.3390359 0.3390359 0.3390359
1.485 0.513 1.368 0.3390359 0.3390359 0.3390359
1.485 0.513 1.368 0.3390359 0.3390359 0.3390359
1.485 0.513 1.368 0.3390359 0.3390359 0.3390359
1.485 0.513 1.368 0.3390359 0.3390359 0.3390359
1.485 0.513 1.368 0.3390359 0.3390359 0.3390359
1.485 0.513 1.368 0.3390359 0.3390359 0.3390359
1.485 0.513 1.368 0.3390359 0.3390359 0.3390359
1.485 0.513 1.368 0.3390359 0.3390359 0.3390359
1.485 0.513 1.368 0.3390359 0.3390359 0.3390359
1.485 0.513 1.368 0.3390359 0.3390359 0.3390359
1.485 0.513 1.368 0.3390359 0.3390359 0.3390359
1.485 0.513 1.368 0.3390359 0.3390359 0.3390359
1.485 0.513 1.368 0.3390359 0.3390359 0.3390359
1.485 0.513 1.368 0.3390359 0.3390359 0.3390359
1.485 0.513 1.368 0.3390359 0.3390359 0.3390359
1.485 0.513 1.368 0.3390359 0.3390359 0.3390359
1.485 0.513 1.368 0.3390359 0.3390359 0.3390359
1.485 0.513 1.368 0.3390359 0.3390359 0.3390359
1.485 0.513 1.368 0.3390359 0.3390359 0.3390359
1.485 0.513 1.368 0.3390359 0.3390359 0.3390359
1.485 0.513 1.368 0.3390359 0.3390359 0.3390359
1.485 0.513 1.368 0.3390359 0.3390359 0.3390359
1.485 0.513 1.368 0.3390359 0.3390359 0.3390359
1.485 0.513 1.368 0.3390359 0.3390359 0.3390359
1.485 0.513 1.368 0.3390359 0.3390359 0.3390359
1.485 0.513 1.368 0.3390359 0.3390359 0.3390359
1.485 0.513 1.368 0.3390359 0.3390359 0.3390359
1.485 0.513 1.368 0.3390359 0.3390359 0.3390359
1.485 0.513 1.368 0.3390359 0.3390359 0.3390359
1.485 0.513 1.368 0.3390359 0.3390359 0.3390359
1.485 0.513 1.368 0.3390359 0.3390359 0.3390359
1.485 0.513 1.368 0.3390359 0.3390359 0.3390359
1.485 0.513 1.368 0.3390359 0.3390359 0.3390359
1.485 0.513 1.368 0.3390359 0.3390359 0.3390359
1.485 0.513 1.368 0.3390359 0.3390359 0.3390359
1.485 0.513 1.368 0.3390359 0.3390359 0.3390359
1.485 0.513 1.368 0.3390359 0.3390359 0.3390359
1.485 0.513 1.368 0.3390359 0.3390359 0.3390359
1.485 0.513 1.368 0.3390359 0.3390359 0.3390359
1.485 0.513 1.368 0.3390359 0.3390359 0.3390359
1.485 0.513 1.368 0.3390359 0.3390359 0.3390359
1.485 0.513 1.368 0.3390359 0.3390359 0.3390359
1.485 0.513 1.368 0.3390359 0.3390359 0.3390359
1.485 0.513 1.368 0.3390359 0.3390359 0.3390359
1.485 0.513 1.368 0.3390359 0.3390359 0.3390359
1.485 0.513 1.368 0.3390359 0.3390359 0.3390359
1.485 0.513 1.368 0.3390359 0.3390359 0.3390359
1.478 0.512 1.368 0.3390359 0.3390359 0.3390359
1.463 0.503 1.368 0.3390359 0.3390359 0.3390359
1.463 0.503 1.368 0.3390359 0.3390359 0.3390359
1.463 0.503 1.368 0.3390359 0.3390359 0.3390359
1.456 0.495 1.368 0.3390359 0.3390359 0.3390359
1.441 0.493 1.368 0.3390359 0.3390359 0.3390359
1.426 0.484 1.368 0.3390359 0.3390359 0.3390359
1.418 0.484 1.368 0.3390359 0.3390359 0.3390359
1.418 0.484 1.368 0.3390359 0.3390359 0.3390359
1.418 0.484 1.368 0.3390359 0.3390359 0.3390359
1.418 0.484 1.368 0.3390359 0.3390359 0.3390359
1.418 0.484 1.368 0.3390359 0.3390359 0.3390359
1.418 0.476 1.368 0.3390359 0.3390359 0.3390359
1.418 0.468 1.368 0.3390359 0.3390359 0.3390359
1.418 0.461 1.368 0.3390359 0.3390359 0.3390359
1.418 0.453 1.368 0.3390359 0.3390359 0.3390359
1.433 0.455 1.368 0.3390359 0.3390359 0.3390359
1.433 0.447 1.368 0.3390359 0.3390359 0.3390359
1.441 0.44 1.368 0.3390359 0.3390359 0.3390359
1.456 0.434 1.368 0.3390359 0.3390359 0.3390359
1.471 0.421 1.368 0.3390359 0.3390359 0.3390359
1.485 0.422 1.368 0.3390359 0.3390359 0.3390359
1.5 0.409 1.368 0.3390359 0.3390359 0.3390359
1.508 0.409 1.368 0.3390359 0.3390359 0.3390359
1.523 0.411 1.368 0.3390359 0.3390359 0.3390359
1.537 0.413 1.368 0.3390359 0.3390359 0.3390359
1.56 0.415 1.368 0.3390359 0.3390359 0.3390359
1.574 0.417 1.368 0.3390359 0.3390359 0.3390359
1.589 0.426 1.368 0.3390359 0.3390359 0.3390359
1.603 0.435 1.368 0.3390359 0.3390359 0.3390359
1.61 0.436 1.368 0.3390359 0.3390359 0.3390359
1.61 0.443 1.368 0.3390359 0.3390359 0.3390359
1.618 0.444 1.368 0.3390359 0.3390359 0.3390359
1.617 0.452 1.368 0.3390359 0.3390359 0.3390359
1.617 0.459 1.368 0.3390359 0.3390359 0.3390359
1.617 0.459 1.368 0.3390359 0.3390359 0.3390359
1.617 0.459 1.368 0.3390359 0.3390359 0.3390359
1.603 0.465 1.368 0.3390359 0.3390359 0.3390359
1.588 0.464 1.368 0.3390359 0.3390359 0.3390359
1.566 0.469 1.368 0.3390359 0.3390359 0.3390359
1.544 0.467 1.368 0.3390359 0.3390359 0.3390359
1.529 0.465 1.368 0.3390359 0.3390359 0.3390359
1.515 0.463 1.368 0.3390359 0.3390359 0.3390359
1.493 0.461 1.368 0.3390359 0.3390359 0.3390359
1.478 0.46 1.368 0.3390359 0.3390359 0.3390359
1.463 0.458 1.368 0.3390359 0.3390359 0.3390359
1.448 0.456 1.368 0.3390359 0.3390359 0.3390359
1.433 0.455 1.368 0.3390359 0.3390359 0.3390359
1.418 0.453 1.368 0.3390359 0.3390359 0.3390359
1.396 0.451 1.368 0.3390359 0.3390359 0.3390359
1.388 0.45 1.368 0.3390359 0.3390359 0.3390359
1.365 0.448 1.368 0.3390359 0.3390359 0.3390359
1.358 0.447 1.368 0.3390359 0.3390359 0.3390359
1.335 0.444 1.368 0.3390359 0.3390359 0.3390359
1.32 0.443 1.368 0.3390359 0.3390359 0.3390359
1.305 0.441 1.368 0.3390359 0.3390359 0.3390359
1.289 0.44 1.368 0.3390359 0.3390359 0.3390359
1.274 0.438 1.368 0.3390359 0.3390359 0.3390359
1.258 0.436 1.368 0.3390359 0.3390359 0.3390359
1.243 0.435 1.368 0.3390359 0.3390359 0.3390359
1.227 0.433 1.368 0.3390359 0.3390359 0.3390359
1.22 0.432 1.368 0.3390359 0.3390359 0.3390359
1.204 0.431 1.368 0.3390359 0.3390359 0.3390359
1.204 0.431 1.368 0.3390359 0.3390359 0.3390359
1.204 0.431 1.368 0.3390359 0.3390359 0.3390359
1.196 0.43 1.368 0.3390359 0.3390359 0.3390359
1.196 0.43 1.368 0.3390359 0.3390359 0.3390359
1.188 0.429 1.368 0.3390359 0.3390359 0.3390359
1.188 0.429 1.368 0.3390359 0.3390359 0.3390359
1.173 0.427 1.368 0.3390359 0.3390359 0.3390359
1.165 0.426 1.368 0.3390359 0.3390359 0.3390359
1.157 0.426 1.368 0.3390359 0.3390359 0.3390359
1.149 0.425 1.368 0.3390359 0.3390359 0.3390359
1.141 0.424 1.368 0.3390359 0.3390359 0.3390359
1.133 0.423 1.368 0.3390359 0.3390359 0.3390359
1.125 0.422 1.368 0.3390359 0.3390359 0.3390359
1.118 0.422 1.368 0.3390359 0.3390359 0.3390359
1.11 0.421 1.368 0.3390359 0.3390359 0.3390359
1.11 0.421 1.368 0.3390359 0.3390359 0.3390359
1.11 0.421 1.368 0.3390359 0.3390359 0.3390359
1.11 0.421 1.368 0.3390359 0.3390359 0.3390359
1.102 0.42 1.368 0.3390359 0.3390359 0.3390359
1.102 0.42 1.368 0.3390359 0.3390359 0.3390359
1.102 0.42 1.368 0.3390359 0.3390359 0.3390359
1.102 0.42 1.368 0.3390359 0.3390359 0.3390359
1.102 0.42 1.368 0.3390359 0.3390359 0.3390359
1.101 0.412 1.368 0.3390359 0.3390359 0.3390359
1.101 0.412 1.368 0.3390359 0.3390359 0.3390359
1.117 0.414 1.368 0.3390359 0.3390359 0.3390359
1.117 0.414 1.368 0.3390359 0.3390359 0.3390359
1.125 0.414 1.368 0.3390359 0.3390359 0.3390359
1.141 0.416 1.368 0.3390359 0.3390359 0.3390359
1.149 0.417 1.368 0.3390359 0.3390359 0.3390359
1.157 0.418 1.368 0.3390359 0.3390359 0.3390359
1.172 0.412 1.368 0.3390359 0.3390359 0.3390359
1.18 0.412 1.368 0.3390359 0.3390359 0.3390359
1.188 0.413 1.368 0.3390359 0.3390359 0.3390359
1.204 0.415 1.368 0.3390359 0.3390359 0.3390359
1.219 0.417 1.368 0.3390359 0.3390359 0.3390359
1.227 0.417 1.368 0.3390359 0.3390359 0.3390359
1.235 0.41 1.368 0.3390359 0.3390359 0.3390359
1.25 0.412 1.368 0.3390359 0.3390359 0.3390359
1.258 0.413 1.368 0.3390359 0.3390359 0.3390359
1.273 0.415 1.368 0.3390359 0.3390359 0.3390359
1.289 0.416 1.368 0.3390359 0.3390359 0.3390359
1.296 0.417 1.368 0.3390359 0.3390359 0.3390359
1.312 0.419 1.368 0.3390359 0.3390359 0.3390359
1.319 0.42 1.368 0.3390359 0.3390359 0.3390359
1.319 0.42 1.368 0.3390359 0.3390359 0.3390359
1.327 0.42 1.368 0.3390359 0.3390359 0.3390359
1.342 0.414 1.368 0.3390359 0.3390359 0.3390359
1.358 0.416 1.368 0.3390359 0.3390359 0.3390359
1.373 0.418 1.368 0.3390359 0.3390359 0.3390359
1.373 0.418 1.368 0.3390359 0.3390359 0.3390359
1.373 0.418 1.368 0.3390359 0.3390359 0.3390359
1.373 0.418 1.368 0.3390359 0.3390359 0.3390359
1.373 0.418 1.368 0.3390359 0.3390359 0.3390359
1.373 0.418 1.368 0.3390359 0.3390359 0.3390359
1.373 0.418 1.368 0.3390359 0.3390359 0.3390359
1.373 0.418 1.368 0.3390359 0.3390359 0.3390359
1.373 0.418 1.368 0.3390359 0.3390359 0.3390359
1.373 0.418 1.368 0.3390359 0.3390359 0.3390359
1.373 0.418 1.368 0.3390359 0.3390359 0.3390359
1.373 0.418 1.368 0.3390359 0.3390359 0.3390359
1.373 0.418 1.368 0.3390359 0.3390359 0.3390359
1.373 0.418 1.368 0.3390359 0.3390359 0.3390359
1.373 0.418 1.368 0.3390359 0.3390359 0.3390359
1.373 0.418 1.368 0.3390359 0.3390359 0.3390359
1.373 0.418 1.368 0.3390359 0.3390359 0.3390359
1.373 0.418 1.368 0.3390359 0.3390359 0.3390359
1.373 0.418 1.368 0.3390359 0.3390359 0.3390359
1.373 0.418 1.368 0.3390359 0.3390359 0.3390359
1.373 0.418 1.368 0.3390359 0.3390359 0.3390359
1.373 0.418 1.368 0.3390359 0.3390359 0.3390359
1.373 0.418 1.368 0.3390359 0.3390359 0.3390359
1.373 0.418 1.368 0.3390359 0.3390359 0.3390359
1.373 0.418 1.368 0.3390359 0.3390359 0.3390359
1.373 0.418 1.368 0.3390359 0.3390359 0.3390359
1.373 0.418 1.368 0.3390359 0.3390359 0.3390359
1.373 0.418 1.368 0.3390359 0.3390359 0.3390359
1.373 0.418 1.368 0.3390359 0.3390359 0.3390359
1.373 0.418 1.368 0.3390359 0.3390359 0.3390359
1.373 0.418 1.368 0.3390359 0.3390359 0.3390359
1.373 0.418 1.368 0.3390359 0.3390359 0.3390359
1.373 0.418 1.368 0.3390359 0.3390359 0.3390359
1.373 0.418 1.368 0.3390359 0.3390359 0.3390359
1.373 0.418 1.368 0.3390359 0.3390359 0.3390359
1.373 0.418 1.368 0.3390359 0.3390359 0.3390359
1.373 0.418 1.368 0.3390359 0.3390359 0.3390359
1.373 0.418 1.368 0.3390359 0.3390359 0.3390359
1.373 0.418 1.368 0.3390359 0.3390359 0.3390359
1.373 0.418 1.355 0.3390359 0.3390359 0.3390359
1.373 0.418 1.342 0.3390359 0.3390359 0.3390359
1.373 0.418 1.342 0.3390359 0.3390359 0.3390359
1.373 0.418 1.329 0.3390359 0.3390359 0.3390359
1.373 0.418 1.304 0.3390359 0.3390359 0.3390359
1.373 0.418 1.304 0.3390359 0.3390359 0.3390359
1.373 0.418 1.304 0.3390359 0.3390359 0.3390359
1.373 0.418 1.304 0.3390359 0.3390359 0.3390359
1.373 0.418 1.304 0.3390359 0.3390359 0.3390359
1.373 0.418 1.279 0.3390359 0.3390359 0.3390359
1.373 0.418 1.279 0.3390359 0.3390359 0.3390359
1.373 0.418 1.266 0.3390359 0.3390359 0.3390359
1.373 0.418 1.266 0.3390359 0.3390359 0.3390359
1.373 0.418 1.255 0.3390359 0.3390359 0.3390359
1.373 0.418 1.231 0.3390359 0.3390359 0.3390359
1.373 0.418 1.218 0.3390359 0.3390359 0.3390359
1.373 0.418 1.218 0.3390359 0.3390359 0.3390359
1.373 0.418 1.218 0.3390359 0.3390359 0.3390359
1.373 0.418 1.218 0.3390359 0.3390359 0.3390359
1.373 0.418 1.195 0.3390359 0.3390359 0.3390359
1.373 0.418 1.195 0.3390359 0.3390359 0.3390359
1.373 0.418 1.195 0.3390359 0.3390359 0.3390359
1.373 0.418 1.195 0.3390359 0.3390359 0.3390359
1.373 0.418 1.195 0.3390359 0.3390359 0.3390359
1.373 0.418 1.195 0.3390359 0.3390359 0.3390359
1.373 0.418 1.182 0.3390359 0.3390359 0.3390359
1.373 0.418 1.171 0.3390359 0.3390359 0.3390359
1.373 0.418 1.171 0.3390359 0.3390359 0.3390359
1.373 0.418 1.159 0.3390359 0.3390359 0.3390359
1.373 0.418 1.159 0.3390359 0.3390359 0.3390359
1.373 0.418 1.147 0.3390359 0.3390359 0.3390359
1.373 0.418 1.136 0.3390359 0.3390359 0.3390359
1.373 0.418 1.136 0.3390359 0.3390359 0.3390359
1.373 0.418 1.124 0.3390359 0.3390359 0.3390359
1.373 0.418 1.124 0.3390359 0.3390359 0.3390359
1.373 0.418 1.114 0.3390359 0.3390359 0.3390359
1.373 0.418 1.102 0.3390359 0.3390359 0.3390359
1.373 0.418 1.091 0.3390359 0.3390359 0.3390359
1.373 0.418 1.08 0.3390359 0.3390359 0.3390359
1.373 0.418 1.068 0.3390359 0.3390359 0.3390359
1.373 0.418 1.068 0.3390359 0.3390359 0.3390359
1.373 0.418 1.047 0.3390359 0.3390359 0.3390359
1.373 0.418 1.047 0.3390359 0.3390359 0.3390359
1.373 0.418 1.035 0.3390359 0.3390359 0.3390359
1.373 0.418 1.025 0.3390359 0.3390359 0.3390359
1.373 0.418 1.014 0.3390359 0.3390359 0.3390359
1.373 0.418 1.003 0.3390359 0.3390359 0.3390359
1.373 0.418 1.003 0.3390359 0.3390359 0.3390359
1.373 0.418 0.993 0.3390359 0.3390359 0.3390359
1.373 0.418 0.982 0.3390359 0.3390359 0.3390359
1.373 0.418 0.972 0.3390359 0.3390359 0.3390359
1.373 0.418 0.961 0.3390359 0.3390359 0.3390359
1.373 0.418 0.961 0.3390359 0.3390359 0.3390359
1.373 0.418 0.952 0.3390359 0.3390359 0.3390359
1.373 0.418 0.941 0.3390359 0.3390359 0.3390359
1.373 0.418 0.941 0.3390359 0.3390359 0.3390359
1.373 0.418 0.93 0.3390359 0.3390359 0.3390359
1.373 0.418 0.921 0.3390359 0.3390359 0.3390359
1.373 0.418 0.921 0.3390359 0.3390359 0.3390359
1.373 0.418 0.91 0.3390359 0.3390359 0.3390359
1.373 0.418 0.901 0.3390359 0.3390359 0.3390359
1.373 0.418 0.901 0.3390359 0.3390359 0.3390359
1.373 0.418 0.881 0.3390359 0.3390359 0.3390359
1.373 0.418 0.881 0.3390359 0.3390359 0.3390359
1.373 0.418 0.881 0.3390359 0.3390359 0.3390359
1.373 0.418 0.862 0.3390359 0.3390359 0.3390359
1.373 0.418 0.862 0.3390359 0.3390359 0.3390359
1.373 0.418 0.843 0.3390359 0.3390359 0.3390359
1.373 0.418 0.843 0.3390359 0.3390359 0.3390359
1.373 0.418 0.824 0.3390359 0.3390359 0.3390359
1.373 0.418 0.805 0.3390359 0.3390359 0.3390359
1.373 0.418 0.805 0.3390359 0.3390359 0.3390359
1.373 0.418 0.796 0.3390359 0.3390359 0.3390359
1.373 0.418 0.796 0.3390359 0.3390359 0.3390359
1.373 0.418 0.778 0.3390359 0.3390359 0.3390359
1.373 0.418 0.768 0.3390359 0.3390359 0.3390359
1.373 0.418 0.759 0.3390359 0.3390359 0.3390359
1.373 0.418 0.759 0.3390359 0.3390359 0.3390359
1.373 0.418 0.751 0.3390359 0.3390359 0.3390359
1.373 0.418 0.741 0.3390359 0.3390359 0.3390359
1.373 0.418 0.741 0.3390359 0.3390359 0.3390359
1.373 0.418 0.741 0.3390359 0.3390359 0.3390359
1.373 0.418 0.733 0.3390359 0.3390359 0.3390359
1.373 0.418 0.733 0.3390359 0.3390359 0.3390359
1.373 0.418 0.733 0.3390359 0.3390359 0.3390359
1.373 0.418 0.733 0.3390359 0.3390359 0.3390359
1.373 0.418 0.733 0.3390359 0.3390359 0.3390359
1.373 0.418 0.733 0.3390359 0.3390359 0.3390359
1.373 0.418 0.733 0.3390359 0.3390359 0.3390359
1.373 0.418 0.733 0.3390359 0.3390359 0.3390359
1.373 0.418 0.733 0.3390359 0.3390359 0.3390359
1.373 0.418 0.733 0.3390359 0.3390359 0.3390359
1.373 0.418 0.733 0.3390359 0.3390359 0.3390359
1.373 0.418 0.733 0.3390359 0.3390359 0.3390359
1.373 0.418 0.733 0.3390359 0.3390359 0.3390359
1.373 0.418 0.759 0.3390359 0.3390359 0.3390359
1.373 0.418 0.778 0.3390359 0.3390359 0.3390359
1.373 0.418 0.787 0.3390359 0.3390359 0.3390359
1.373 0.418 0.806 0.3390359 0.3390359 0.3390359
1.373 0.418 0.834 0.3390359 0.3390359 0.3390359
1.373 0.418 0.844 0.3390359 0.3390359 0.3390359
1.373 0.418 0.863 0.3390359 0.3390359 0.3390359
1.373 0.418 0.872 0.3390359 0.3390359 0.3390359
1.373 0.418 0.882 0.3390359 0.3390359 0.3390359
1.373 0.418 0.882 0.3390359 0.3390359 0.3390359
1.373 0.418 0.891 0.3390359 0.3390359 0.3390359
1.373 0.418 0.911 0.3390359 0.3390359 0.3390359
1.373 0.418 0.922 0.3390359 0.3390359 0.3390359
1.373 0.418 0.942 0.3390359 0.3390359 0.3390359
1.373 0.418 0.942 0.3390359 0.3390359 0.3390359
1.373 0.418 0.942 0.3390359 0.3390359 0.3390359
1.373 0.418 0.962 0.3390359 0.3390359 0.3390359
1.373 0.418 0.962 0.3390359 0.3390359 0.3390359
1.373 0.418 0.983 0.3390359 0.3390359 0.3390359
1.373 0.418 1.004 0.3390359 0.3390359 0.3390359
1.373 0.418 1.004 0.3390359 0.3390359 0.3390359
1.373 0.418 1.014 0.3390359 0.3390359 0.3390359
1.373 0.418 1.025 0.3390359 0.3390359 0.3390359
1.373 0.418 1.035 0.3390359 0.3390359 0.3390359
1.373 0.418 1.047 0.3390359 0.3390359 0.3390359
1.373 0.418 1.057 0.3390359 0.3390359 0.3390359
1.373 0.418 1.079 0.3390359 0.3390359 0.3390359
1.373 0.418 1.09 0.3390359 0.3390359 0.3390359
1.373 0.418 1.09 0.3390359 0.3390359 0.3390359
1.373 0.418 1.101 0.3390359 0.3390359 0.3390359
1.373 0.418 1.101 0.3390359 0.3390359 0.3390359
1.373 0.418 1.112 0.3390359 0.3390359 0.3390359
1.373 0.418 1.123 0.3390359 0.3390359 0.3390359
1.373 0.418 1.123 0.3390359 0.3390359 0.3390359
1.373 0.418 1.135 0.3390359 0.3390359 0.3390359
1.373 0.418 1.146 0.3390359 0.3390359 0.3390359
1.373 0.418 1.146 0.3390359 0.3390359 0.3390359
1.373 0.418 1.158 0.3390359 0.3390359 0.3390359
1.373 0.418 1.181 0.3390359 0.3390359 0.3390359
1.373 0.418 1.192 0.3390359 0.3390359 0.3390359
1.373 0.418 1.192 0.3390359 0.3390359 0.3390359
1.373 0.418 1.216 0.3390359 0.3390359 0.3390359
1.373 0.418 1.216 0.3390359 0.3390359 0.3390359
1.373 0.418 1.216 0.3390359 0.3390359 0.3390359
1.373 0.418 1.24 0.3390359 0.3390359 0.3390359
1.373 0.418 1.24 0.3390359 0.3390359 0.3390359
1.373 0.418 1.24 0.3390359 0.3390359 0.3390359
1.373 0.418 1.24 0.3390359 0.3390359 0.3390359
1.373 0.418 1.264 0.3390359 0.3390359 0.3390359
1.373 0.418 1.264 0.3390359 0.3390359 0.3390359
1.373 0.418 1.264 0.3390359 0.3390359 0.3390359
1.373 0.418 1.288 0.3390359 0.3390359 0.3390359
1.373 0.418 1.288 0.3390359 0.3390359 0.3390359
1.373 0.418 1.288 0.3390359 0.3390359 0.3390359
1.373 0.418 1.3 0.3390359 0.3390359 0.3390359
1.373 0.418 1.313 0.3390359 0.3390359 0.3390359
1.373 0.418 1.325 0.3390359 0.3390359 0.3390359
1.373 0.418 1.339 0.3390359 0.3390359 0.3390359
1.373 0.418 1.351 0.3390359 0.3390359 0.3390359
1.373 0.418 1.363 0.3390359 0.3390359 0.3390359
1.373 0.418 1.376 0.3390359 0.3390359 0.3390359
1.373 0.418 1.39 0.3390359 0.3390359 0.3390359
1.373 0.418 1.402 0.3390359 0.3390359 0.3390359
1.373 0.418 1.402 0.3390359 0.3390359 0.3390359
1.373 0.418 1.416 0.3390359 0.3390359 0.3390359
1.373 0.418 1.429 0.3390359 0.3390359 0.3390359
1.373 0.418 1.429 0.3390359 0.3390359 0.3390359
1.373 0.418 1.442 0.3390359 0.3390359 0.3390359
1.373 0.418 1.469 0.3390359 0.3390359 0.3390359
1.373 0.418 1.469 0.3390359 0.3390359 0.3390359
1.373 0.418 1.496 0.3390359 0.3390359 0.3390359
1.373 0.418 1.496 0.3390359 0.3390359 0.3390359
1.373 0.418 1.509 0.3390359 0.3390359 0.3390359
1.373 0.418 1.524 0.3390359 0.3390359 0.3390359
1.373 0.418 1.537 0.3390359 0.3390359 0.3390359
1.373 0.418 1.566 0.3390359 0.3390359 0.3390359
1.373 0.418 1.566 0.3390359 0.3390359 0.3390359
1.373 0.418 1.566 0.3390359 0.3390359 0.3390359
1.373 0.418 1.566 0.3390359 0.3390359 0.3390359
1.373 0.418 1.566 0.3390359 0.3390359 0.3390359
1.373 0.418 1.566 0.3390359 0.3390359 0.3390359
1.373 0.418 1.566 0.3390359 0.3390359 0.3390359
1.373 0.418 1.566 0.3390359 0.3390359 0.3390359
1.373 0.418 1.579 0.3390359 0.3390359 0.3390359
1.373 0.418 1.579 0.3390359 0.3390359 0.3390359
1.373 0.418 1.579 0.3390359 0.3390359 0.3390359
1.373 0.418 1.579 0.3390359 0.3390359 0.3390359
1.373 0.418 1.579 0.3390359 0.3390359 0.3390359
1.373 0.418 1.579 0.3390359 0.3390359 0.3390359
1.373 0.418 1.579 0.3390359 0.3390359 0.3390359
1.373 0.418 1.579 0.3390359 0.3390359 0.3390359
1.373 0.418 1.579 0.3390359 0.3390359 0.3390359
1.373 0.418 1.579 0.3390359 0.3390359 0.3390359
1.373 0.418 1.579 0.3390359 0.3390359 0.3390359
1.373 0.418 1.579 0.3390359 0.3390359 0.3390359
1.373 0.418 1.579 0.3390359 0.3390359 0.3390359
1.373 0.418 1.579 0.3390359 0.3390359 0.3390359
1.373 0.418 1.579 0.3390359 0.3390359 0.3390359
1.373 0.418 1.579 0.3390359 0.3390359 0.3390359
1.373 0.418 1.579 0.3390359 0.3390359 0.3390359
1.373 0.418 1.579 0.3390359 0.3390359 0.3390359
1.373 0.418 1.579 0.3390359 0.3390359 0.3390359
1.373 0.418 1.579 0.3390359 0.3390359 0.3390359
1.373 0.418 1.579 0.3390359 0.3390359 0.3390359
1.373 0.418 1.579 0.3390359 0.3390359 0.3390359
1.373 0.418 1.579 0.3390359 0.3390359 0.3390359
1.373 0.418 1.579 0.3390359 0.3390359 0.3390359
1.373 0.418 1.579 0.3390359 0.3390359 0.3390359
1.373 0.418 1.579 0.3390359 0.3390359 0.3390359
1.374 0.418 1.579 0.3390359 0.3390359 0.3390359
1.374 0.418 1.579 0.3390359 0.3390359 0.3390359
1.382 0.418 1.579 0.3390359 0.3390359 0.3390359
1.389 0.418 1.579 0.3390359 0.3390359 0.3390359
1.398 0.418 1.579 0.3390359 0.3390359 0.3390359
1.405 0.418 1.579 0.3390359 0.3390359 0.3390359
1.405 0.418 1.579 0.3390359 0.3390359 0.3390359
1.421 0.418 1.579 0.3390359 0.3390359 0.3390359
1.437 0.418 1.579 0.3390359 0.3390359 0.3390359
1.453 0.418 1.579 0.3390359 0.3390359 0.3390359
1.476 0.418 1.579 0.3390359 0.3390359 0.3390359
1.491 0.418 1.579 0.3390359 0.3390359 0.3390359
1.499 0.418 1.579 0.3390359 0.3390359 0.3390359
1.506 0.418 1.579 0.3390359 0.3390359 0.3390359
1.506 0.418 1.579 0.3390359 0.3390359 0.3390359
1.515 0.418 1.579 0.3390359 0.3390359 0.3390359
1.531 0.418 1.579 0.3390359 0.3390359 0.3390359
1.538 0.418 1.579 0.3390359 0.3390359 0.3390359
1.538 0.418 1.579 0.3390359 0.3390359 0.3390359
1.538 0.418 1.579 0.3390359 0.3390359 0.3390359
1.538 0.418 1.579 0.3390359 0.3390359 0.3390359
1.546 0.418 1.579 0.3390359 0.3390359 0.3390359
1.553 0.418 1.579 0.3390359 0.3390359 0.3390359
1.561 0.418 1.579 0.3390359 0.3390359 0.3390359
1.561 0.418 1.579 0.3390359 0.3390359 0.3390359
1.561 0.418 1.579 0.3390359 0.3390359 0.3390359
1.561 0.418 1.579 0.3390359 0.3390359 0.3390359
1.561 0.418 1.579 0.3390359 0.3390359 0.3390359
1.561 0.418 1.579 0.3390359 0.3390359 0.3390359
1.561 0.418 1.579 0.3390359 0.3390359 0.3390359
1.561 0.418 1.579 0.3390359 0.3390359 0.3390359
1.561 0.418 1.579 0.3390359 0.3390359 0.3390359
1.561 0.418 1.579 0.3390359 0.3390359 0.3390359
1.561 0.418 1.579 0.3390359 0.3390359 0.3390359
1.561 0.418 1.579 0.3390359 0.3390359 0.3390359
1.561 0.418 1.579 0.3390359 0.3390359 0.3390359
1.561 0.418 1.579 0.3390359 0.3390359 0.3390359
1.561 0.418 1.579 0.3390359 0.3390359 0.3390359
1.561 0.418 1.579 0.3390359 0.3390359 0.3390359
1.561 0.418 1.579 0.3390359 0.3390359 0.3390359
1.561 0.418 1.579 0.3390359 0.3390359 0.3390359
1.561 0.418 1.579 0.3390359 0.3390359 0.3390359
1.561 0.418 1.579 0.3390359 0.3390359 0.3390359
1.561 0.418 1.579 0.3390359 0.3390359 0.3390359
1.561 0.418 1.579 0.3390359 0.3390359 0.3390359
1.561 0.418 1.579 0.3390359 0.3390359 0.3390359
1.561 0.418 1.579 0.3390359 0.3390359 0.3390359
1.561 0.418 1.579 0.3390359 0.3390359 0.3390359
1.561 0.418 1.579 0.3390359 0.3390359 0.3390359
1.561 0.418 1.579 0.3390359 0.3390359 0.3390359
1.561 0.418 1.579 0.3390359 0.3390359 0.3390359
1.561 0.418 1.579 0.3390359 0.3390359 0.3390359
1.561 0.418 1.579 0.3390359 0.3390359 0.3390359
1.561 0.418 1.579 0.3390359 0.3390359 0.3390359
1.561 0.418 1.579 0.3390359 0.3390359 0.3390359
1.561 0.418 1.579 0.3390359 0.3390359 0.3390359
1.561 0.418 1.579 0.3390359 0.3390359 0.3390359
1.561 0.418 1.579 0.3390359 0.3390359 0.3390359
1.561 0.418 1.579 0.3390359 0.3390359 0.3390359
1.561 0.418 1.579 0.3390359 0.3390359 0.3390359
1.561 0.418 1.579 0.3390359 0.3390359 0.3390359
1.561 0.418 1.579 0.3390359 0.3390359 0.3390359
1.561 0.418 1.579 0.3390359 0.3390359 0.3390359
1.561 0.418 1.579 0.3390359 0.3390359 0.3390359
1.561 0.418 1.579 0.3390359 0.3390359 0.3390359
1.561 0.418 1.579 0.3390359 0.3390359 0.3390359
1.561 0.418 1.579 0.3390359 0.3390359 0.3390359
1.561 0.418 1.579 0.3390359 0.3390359 0.3390359
1.561 0.418 1.579 0.3390359 0.3390359 0.3390359
1.561 0.418 1.579 0.3390359 0.3390359 0.3390359
1.561 0.418 1.579 0.3390359 0.3390359 0.3390359
1.561 0.418 1.579 0.3390359 0.3390359 0.3390359
1.561 0.418 1.579 0.3390359 0.3390359 0.3390359
1.561 0.418 1.579 0.3390359 0.3390359 0.3390359
1.561 0.418 1.579 0.3390359 0.3390359 0.3390359
1.561 0.418 1.579 0.3390359 0.3390359 0.3390359
1.561 0.418 1.579 0.3390359 0.3390359 0.3390359
1.561 0.418 1.579 0.3390359 0.3390359 0.3390359
1.561 0.418 1.579 0.3390359 0.3390359 0.3390359
1.561 0.418 1.579 0.3390359 0.3390359 0.3390359
1.561 0.418 1.579 0.3390359 0.3390359 0.3390359
1.561 0.418 1.579 0.3390359 0.3390359 0.3390359
1.561 0.418 1.579 0.3390359 0.3390359 0.3390359
1.561 0.418 1.579 0.3390359 0.3390359 0.3390359
1.561 0.418 1.579 0.3390359 0.3390359 0.3390359
1.561 0.418 1.579 0.3390359 0.3390359 0.3390359
1.561 0.418 1.579 0.3390359 0.3390359 0.3390359
1.561 0.418 1.579 0.3390359 0.3390359 0.3390359
1.561 0.418 1.579 0.3390359 0.3390359 0.3390359
1.561 0.418 1.579 0.3390359 0.3390359 0.3390359
1.561 0.418 1.579 0.3390359 0.3390359 0.3390359
1.561 0.418 1.579 0.3390359 0.3390359 0.3390359
1.561 0.418 1.579 0.3390359 0.3390359 0.3390359
1.561 0.418 1.579 0.3390359 0.3390359 0.3390359
1.561 0.418 1.579 0.3390359 0.3390359 0.3390359
1.561 0.418 1.579 0.3390359 0.3390359 0.3390359
1.561 0.418 1.579 0.3390359 0.3390359 0.3390359
1.561 0.418 1.579 0.3390359 0.3390359 0.3390359
1.561 0.418 1.579 0.3390359 0.3390359 0.3390359
1.561 0.418 1.579 0.3390359 0.3390359 0.3390359
1.561 0.418 1.579 0.3390359 0.3390359 0.3390359
1.561 0.418 1.579 0.3390359 0.3390359 0.3390359
1.561 0.418 1.579 0.3390359 0.3390359 0.3390359
1.561 0.418 1.579 0.3390359 0.3390359 0.3390359
1.561 0.418 1.579 0.3390359 0.3390359 0.3390359
1.561 0.418 1.579 0.3390359 0.3390359 0.3390359
1.561 0.418 1.579 0.3390359 0.3390359 0.3390359
1.561 0.418 1.579 0.3390359 0.3390359 0.3390359
1.561 0.418 1.579 0.3390359 0.3390359 0.3390359
1.561 0.418 1.579 0.3390359 0.3390359 0.3390359
1.561 0.418 1.579 0.3390359 0.3390359 0.3390359
1.561 0.418 1.579 0.3390359 0.3390359 0.3390359
1.561 0.418 1.579 0.3390359 0.3390359 0.3390359
1.561 0.418 1.579 0.3390359 0.3390359 0.3390359
1.561 0.418 1.579 0.3390359 0.3390359 0.3390359
1.561 0.418 1.579 0.3390359 0.3390359 0.3390359
1.561 0.418 1.579 0.3390359 0.3390359 0.3390359
1.561 0.418 1.579 0.3390359 0.3390359 0.3390359
1.561 0.418 1.579 0.3390359 0.3390359 0.3390359
1.561 0.418 1.579 0.3390359 0.3390359 0.3390359
1.561 0.418 1.579 0.3390359 0.3390359 0.3390359
1.561 0.418 1.579 0.3390359 0.3390359 0.3390359
1.561 0.418 1.579 0.3390359 0.3390359 0.3390359
1.561 0.418 1.579 0.3390359 0.3390359 0.3390359
1.561 0.418 1.579 0.3390359 0.3390359 0.3390359
1.561 0.418 1.579 0.3390359 0.3390359 0.3390359
1.561 0.418 1.579 0.3390359 0.3390359 0.3390359
1.561 0.418 1.579 0.3390359 0.3390359 0.3390359
1.561 0.418 1.579 0.3390359 0.3390359 0.3390359
1.561 0.418 1.579 0.3390359 0.3390359 0.3390359
1.561 0.418 1.579 0.3390359 0.3390359 0.3390359
1.561 0.418 1.579 0.3424263 0.3424263 0.3424263
1.561 0.418 1.579 0.3424263 0.3424263 0.3424263
1.561 0.418 1.579 0.3458166 0.3458166 0.3458166
1.561 0.418 1.579 0.349207 0.349207 0.349207
1.561 0.418 1.579 0.349207 0.349207 0.349207
1.561 0.418 1.579 0.3525974 0.3525974 0.3525974
1.561 0.418 1.579 0.3525974 0.3525974 0.3525974
1.561 0.418 1.579 0.3559877 0.3559877 0.3559877
1.561 0.418 1.579 0.3559877 0.3559877 0.3559877
1.561 0.418 1.579 0.3559877 0.3559877 0.3559877
1.561 0.418 1.579 0.3607681 0.3607681 0.3607681
1.561 0.418 1.579 0.3607681 0.3607681 0.3607681
1.561 0.418 1.579 0.3607681 0.3607681 0.3607681
1.561 0.418 1.579 0.3641585 0.3641585 0.3641585
1.561 0.418 1.579 0.3641585 0.3641585 0.3641585
1.561 0.418 1.579 0.3641585 0.3641585 0.3641585
1.561 0.418 1.579 0.3675489 0.3675489 0.3675489
1.561 0.418 1.579 0.3675489 0.3675489 0.3675489
1.561 0.418 1.579 0.3675489 0.3675489 0.3675489
1.561 0.418 1.579 0.3675489 0.3675489 0.3675489
1.561 0.418 1.579 0.3743296 0.3743296 0.3743296
1.561 0.418 1.579 0.3777199 0.3777199 0.3777199
1.561 0.418 1.579 0.3777199 0.3777199 0.3777199
1.561 0.418 1.579 0.3811103 0.3811103 0.3811103
1.561 0.418 1.579 0.3811103 0.3811103 0.3811103
1.561 0.418 1.579 0.3811103 0.3811103 0.3811103
1.561 0.418 1.579 0.3811103 0.3811103 0.3811103
1.561 0.418 1.579 0.387891 0.387891 0.387891
1.561 0.418 1.579 0.387891 0.387891 0.387891
1.561 0.418 1.579 0.3912813 0.3912813 0.3912813
1.561 0.418 1.579 0.3946717 0.3946717 0.3946717
1.561 0.418 1.579 0.3946717 0.3946717 0.3946717
1.561 0.418 1.579 0.3980621 0.3980621 0.3980621
1.561 0.418 1.579 0.4014525 0.4014525 0.4014525
1.561 0.418 1.579 0.4014525 0.4014525 0.4014525
1.561 0.418 1.579 0.4014525 0.4014525 0.4014525
1.561 0.418 1.579 0.4082332 0.4082332 0.4082332
1.561 0.418 1.579 0.4082332 0.4082332 0.4082332
1.561 0.418 1.579 0.4116235 0.4116235 0.4116235
1.561 0.418 1.579 0.4164378 0.4164378 0.4164378
1.561 0.418 1.579 0.4198282 0.4198282 0.4198282
1.561 0.418 1.579 0.4232185 0.4232185 0.4232185
1.561 0.418 1.579 0.4299993 0.4299993 0.4299993
1.561 0.418 1.579 0.43678 0.43678 0.43678
1.561 0.418 1.579 0.4401703 0.4401703 0.4401703
1.561 0.418 1.579 0.4401703 0.4401703 0.4401703
1.561 0.418 1.579 0.4401703 0.4401703 0.4401703
1.561 0.418 1.579 0.4469511 0.4469511 0.4469511
1.561 0.418 1.579 0.4469511 0.4469511 0.4469511
1.561 0.418 1.579 0.4503414 0.4503414 0.4503414
1.561 0.418 1.579 0.4537318 0.4537318 0.4537318
1.561 0.418 1.579 0.4537318 0.4537318 0.4537318
1.561 0.418 1.579 0.4605125 0.4605125 0.4605125
1.561 0.418 1.579 0.4639029 0.4639029 0.4639029
1.561 0.418 1.579 0.4639029 0.4639029 0.4639029
1.561 0.418 1.579 0.4672932 0.4672932 0.4672932
1.561 0.418 1.579 0.4706835 0.4706835 0.4706835
1.561 0.418 1.579 0.4740739 0.4740739 0.4740739
1.561 0.418 1.579 0.4808547 0.4808547 0.4808547
1.561 0.418 1.579 0.484245 0.484245 0.484245
1.561 0.418 1.579 0.484245 0.484245 0.484245
1.561 0.418 1.579 0.4876354 0.4876354 0.4876354
1.561 0.418 1.579 0.4924158 0.4924158 0.4924158
1.561 0.418 1.579 0.4958061 0.4958061 0.4958061
1.561 0.418 1.579 0.4991965 0.4991965 0.4991965
1.561 0.418 1.579 0.4991965 0.4991965 0.4991965
1.561 0.418 1.579 0.5025868 0.5025868 0.5025868
1.561 0.418 1.579 0.5025868 0.5025868 0.5025868
1.561 0.418 1.579 0.5093676 0.5093676 0.5093676
1.561 0.418 1.579 0.512758 0.512758 0.512758
1.561 0.418 1.579 0.5161483 0.5161483 0.5161483
1.561 0.418 1.579 0.5161483 0.5161483 0.5161483
1.561 0.418 1.579 0.5161483 0.5161483 0.5161483
1.561 0.418 1.579 0.5195386 0.5195386 0.5195386
1.561 0.418 1.579 0.522929 0.522929 0.522929
1.561 0.418 1.579 0.522929 0.522929 0.522929
1.561 0.418 1.579 0.5297098 0.5297098 0.5297098
1.561 0.418 1.579 0.5331001 0.5331001 0.5331001
1.561 0.418 1.579 0.5331001 0.5331001 0.5331001
1.561 0.418 1.579 0.5331001 0.5331001 0.5331001
1.561 0.418 1.579 0.5364904 0.5364904 0.5364904
1.561 0.418 1.579 0.5364904 0.5364904 0.5364904
1.561 0.418 1.579 0.5398808 0.5398808 0.5398808
1.561 0.418 1.579 0.5432711 0.5432711 0.5432711
1.561 0.418 1.579 0.5466616 0.5466616 0.5466616
1.561 0.418 1.579 0.5466616 0.5466616 0.5466616
1.561 0.418 1.579 0.5466616 0.5466616 0.5466616
1.561 0.418 1.579 0.5500519 0.5500519 0.5500519
1.561 0.418 1.579 0.5534422 0.5534422 0.5534422
1.561 0.418 1.579 0.5534422 0.5534422 0.5534422
1.561 0.418 1.579 0.5582566 0.5582566 0.5582566
1.561 0.418 1.579 0.5582566 0.5582566 0.5582566
1.561 0.418 1.579 0.5616469 0.5616469 0.5616469
1.561 0.418 1.579 0.5616469 0.5616469 0.5616469
1.561 0.418 1.579 0.5650373 0.5650373 0.5650373
1.561 0.418 1.579 0.571818 0.571818 0.571818
1.561 0.418 1.579 0.5752084 0.5752084 0.5752084
1.561 0.418 1.579 0.5752084 0.5752084 0.5752084
1.561 0.418 1.579 0.581989 0.581989 0.581989
1.561 0.418 1.579 0.581989 0.581989 0.581989
1.561 0.418 1.579 0.581989 0.581989 0.581989
1.561 0.418 1.579 0.581989 0.581989 0.581989
1.561 0.418 1.579 0.581989 0.581989 0.581989
1.561 0.418 1.579 0.581989 0.581989 0.581989
1.561 0.418 1.579 0.581989 0.581989 0.581989
1.561 0.418 1.579 0.581989 0.581989 0.581989
1.561 0.418 1.579 0.581989 0.581989 0.581989
1.561 0.418 1.579 0.5752084 0.5752084 0.5752084
1.561 0.418 1.579 0.5684276 0.5684276 0.5684276
1.561 0.418 1.579 0.5616469 0.5616469 0.5616469
1.561 0.418 1.579 0.5582566 0.5582566 0.5582566
1.561 0.418 1.579 0.5514758 0.5514758 0.5514758
1.561 0.418 1.579 0.5398808 0.5398808 0.5398808
1.561 0.418 1.579 0.5364904 0.5364904 0.5364904
1.561 0.418 1.579 0.5297098 0.5297098 0.5297098
1.561 0.418 1.579 0.522929 0.522929 0.522929
1.561 0.418 1.579 0.5195386 0.5195386 0.5195386
1.561 0.418 1.579 0.512758 0.512758 0.512758
1.561 0.418 1.579 0.5093676 0.5093676 0.5093676
1.561 0.418 1.579 0.5059772 0.5059772 0.5059772
1.561 0.418 1.579 0.4978065 0.4978065 0.4978065
1.561 0.418 1.579 0.4944161 0.4944161 0.4944161
1.561 0.418 1.579 0.4910257 0.4910257 0.4910257
1.561 0.418 1.579 0.4862114 0.4862114 0.4862114
1.561 0.418 1.579 0.4862114 0.4862114 0.4862114
1.561 0.418 1.579 0.4780406 0.4780406 0.4780406
1.561 0.418 1.579 0.4712599 0.4712599 0.4712599
1.561 0.418 1.579 0.4678696 0.4678696 0.4678696
1.561 0.418 1.579 0.4678696 0.4678696 0.4678696
1.561 0.418 1.579 0.4596988 0.4596988 0.4596988
1.561 0.418 1.579 0.4596988 0.4596988 0.4596988
1.561 0.418 1.579 0.4563085 0.4563085 0.4563085
1.561 0.418 1.579 0.4495277 0.4495277 0.4495277
1.561 0.418 1.579 0.4461374 0.4461374 0.4461374
1.561 0.418 1.579 0.4393567 0.4393567 0.4393567
1.561 0.418 1.579 0.4359663 0.4359663 0.4359663
1.561 0.418 1.579 0.4325759 0.4325759 0.4325759
1.561 0.418 1.579 0.4291856 0.4291856 0.4291856
1.561 0.418 1.579 0.4257952 0.4257952 0.4257952
1.561 0.418 1.579 0.4190145 0.4190145 0.4190145
1.561 0.418 1.579 0.4190145 0.4190145 0.4190145
1.561 0.418 1.579 0.4156242 0.4156242 0.4156242
1.561 0.418 1.579 0.4156242 0.4156242 0.4156242
1.561 0.418 1.579 0.4122338 0.4122338 0.4122338
1.561 0.418 1.579 0.4088434 0.4088434 0.4088434
1.561 0.418 1.579 0.4054531 0.4054531 0.4054531
1.561 0.418 1.579 0.3986723 0.3986723 0.3986723
1.561 0.418 1.579 0.395282 0.395282 0.395282
1.561 0.418 1.579 0.3885013 0.3885013 0.3885013
1.561 0.418 1.579 0.3851109 0.3851109 0.3851109
1.561 0.418 1.579 0.3817206 0.3817206 0.3817206
1.561 0.418 1.579 0.3769063 0.3769063 0.3769063
1.561 0.418 1.579 0.3735159 0.3735159 0.3735159
1.561 0.418 1.579 0.3735159 0.3735159 0.3735159
1.561 0.418 1.579 0.3701255 0.3701255 0.3701255
1.561 0.418 1.579 0.3701255 0.3701255 0.3701255
1.561 0.418 1.579 0.3653451 0.3653451 0.3653451
1.561 0.418 1.579 0.3619547 0.3619547 0.3619547
1.561 0.418 1.579 0.3585644 0.3585644 0.3585644
1.561 0.418 1.579 0.3585644 0.3585644 0.3585644
1.561 0.418 1.579 0.3483934 0.3483934 0.3483934
1.561 0.418 1.579 0.345003 0.345003 0.345003
1.561 0.418 1.579 0.3382121 0.3382121 0.3382121
1.561 0.418 1.579 0.3348217 0.3348217 0.3348217
1.561 0.418 1.579 0.328041 0.328041 0.328041
1.561 0.418 1.579 0.3212603 0.3212603 0.3212603
1.561 0.418 1.579 0.3178699 0.3178699 0.3178699
1.561 0.418 1.579 0.3178699 0.3178699 0.3178699
1.561 0.418 1.579 0.3110892 0.3110892 0.3110892
1.561 0.418 1.579 0.3062952 0.3062952 0.3062952
1.561 0.418 1.579 0.3029049 0.3029049 0.3029049
1.561 0.418 1.579 0.3029049 0.3029049 0.3029049
1.561 0.418 1.579 0.2961242 0.2961242 0.2961242
1.561 0.418 1.579 0.2927338 0.2927338 0.2927338
1.561 0.418 1.579 0.2893434 0.2893434 0.2893434
1.561 0.418 1.579 0.2859531 0.2859531 0.2859531
1.561 0.418 1.579 0.2859531 0.2859531 0.2859531
1.561 0.418 1.579 0.2859531 0.2859531 0.2859531
1.561 0.418 1.579 0.2859531 0.2859531 0.2859531
1.561 0.418 1.579 0.2859531 0.2859531 0.2859531
1.561 0.418 1.579 0.2859531 0.2859531 0.2859531
1.561 0.418 1.579 0.2859531 0.2859531 0.2859531
1.561 0.418 1.579 0.2859531 0.2859531 0.2859531
1.561 0.418 1.579 0.2859531 0.2859531 0.2859531
1.561 0.418 1.579 0.2859531 0.2859531 0.2859531
1.561 0.418 1.579 0.2859531 0.2859531 0.2859531
1.561 0.418 1.579 0.2859531 0.2859531 0.2859531
1.561 0.418 1.579 0.2859531 0.2859531 0.2859531
1.561 0.418 1.579 0.2859531 0.2859531 0.2859531
1.561 0.418 1.579 0.2859531 0.2859531 0.2859531
1.561 0.418 1.579 0.2859531 0.2859531 0.2859531
1.561 0.418 1.579 0.2859531 0.2859531 0.2859531
1.561 0.418 1.579 0.2859531 0.2859531 0.2859531
1.561 0.418 1.579 0.2859531 0.2859531 0.2859531
1.561 0.418 1.579 0.2859531 0.2859531 0.2859531
1.561 0.418 1.579 0.2859531 0.2859531 0.2859531
1.561 0.418 1.579 0.2859531 0.2859531 0.2859531
1.561 0.418 1.579 0.2859531 0.2859531 0.2859531
1.561 0.418 1.579 0.2859531 0.2859531 0.2859531
1.561 0.418 1.579 0.2859531 0.2859531 0.2859531
1.561 0.418 1.579 0.2859531 0.2859531 0.2859531
1.561 0.418 1.579 0.2859531 0.2859531 0.2859531
1.561 0.418 1.579 0.2859531 0.2859531 0.2859531
1.561 0.418 1.579 0.2859531 0.2859531 0.2859531
1.561 0.418 1.579 0.2859531 0.2859531 0.2859531
1.561 0.418 1.579 0.2859531 0.2859531 0.2859531
1.561 0.418 1.579 0.2859531 0.2859531 0.2859531
1.561 0.418 1.579 0.2859531 0.2859531 0.2859531
1.561 0.418 1.579 0.2859531 0.2859531 0.2859531
1.561 0.418 1.579 0.2859531 0.2859531 0.2859531
1.561 0.418 1.579 0.2859531 0.2859531 0.2859531
1.561 0.418 1.579 0.2859531 0.2859531 0.2859531
1.561 0.418 1.579 0.2859531 0.2859531 0.2859531
1.561 0.418 1.579 0.2859531 0.2859531 0.2859531
1.561 0.418 1.579 0.2859531 0.2859531 0.2859531
1.561 0.418 1.579 0.2859531 0.2859531 0.2859531
1.561 0.418 1.579 0.2859531 0.2859531 0.2859531
1.561 0.418 1.579 0.2859531 0.2859531 0.2859531
1.561 0.418 1.579 0.2859531 0.2859531 0.2859531
1.561 0.418 1.579 0.2859531 0.2859531 0.2859531
1.561 0.418 1.579 0.2859531 0.2859531 0.2859531
1.561 0.418 1.579 0.2859531 0.2859531 0.2859531
1.561 0.418 1.579 0.2859531 0.2859531 0.2859531
1.561 0.418 1.579 0.2859531 0.2859531 0.2859531
1.561 0.418 1.579 0.2859531 0.2859531 0.2859531
1.561 0.418 1.579 0.2859531 0.2859531 0.2859531
1.561 0.418 1.579 0.2859531 0.2859531 0.2859531
1.561 0.418 1.579 0.2859531 0.2859531 0.2859531
1.561 0.418 1.579 0.2859531 0.2859531 0.2859531
1.561 0.418 1.579 0.2859531 0.2859531 0.2859531
1.561 0.418 1.579 0.2859531 0.2859531 0.2859531
1.561 0.418 1.579 0.2859531 0.2859531 0.2859531
1.561 0.418 1.579 0.2859531 0.2859531 0.2859531
1.561 0.418 1.579 0.2859531 0.2859531 0.2859531
1.561 0.418 1.579 0.2859531 0.2859531 0.2859531
1.561 0.418 1.579 0.2859531 0.2859531 0.2859531
1.561 0.418 1.579 0.2859531 0.2859531 0.2859531
1.561 0.418 1.579 0.2859531 0.2859531 0.2859531
1.561 0.418 1.579 0.2859531 0.2859531 0.2859531
1.561 0.418 1.579 0.2859531 0.2859531 0.2859531
1.561 0.418 1.579 0.2859531 0.2859531 0.2859531
1.561 0.418 1.579 0.2859531 0.2859531 0.2859531
1.561 0.418 1.579 0.2859531 0.2859531 0.2859531
1.561 0.418 1.579 0.2859531 0.2859531 0.2859531
1.561 0.418 1.579 0.2859531 0.2859531 0.2859531
1.561 0.418 1.579 0.2859531 0.2859531 0.2859531
1.561 0.418 1.579 0.2859531 0.2859531 0.2859531
1.561 0.418 1.579 0.2859531 0.2859531 0.2859531
1.561 0.418 1.579 0.2859531 0.2859531 0.2859531
1.561 0.418 1.579 0.2859531 0.2859531 0.2859531
1.561 0.418 1.579 0.2859531 0.2859531 0.2859531
1.561 0.418 1.579 0.2859531 0.2859531 0.2859531
1.561 0.418 1.579 0.2859531 0.2859531 0.2859531
1.561 0.418 1.579 0.2859531 0.2859531 0.2859531
1.561 0.418 1.579 0.2859531 0.2859531 0.2859531
1.561 0.418 1.579 0.2859531 0.2859531 0.2859531
1.561 0.418 1.579 0.2859531 0.2859531 0.2859531
1.561 0.418 1.579 0.2859531 0.2859531 0.2859531
1.561 0.418 1.579 0.2859531 0.2859531 0.2859531
1.561 0.418 1.579 0.2859531 0.2859531 0.2859531
1.561 0.418 1.579 0.2859531 0.2859531 0.2859531
1.561 0.418 1.579 0.2859531 0.2859531 0.2859531
1.561 0.418 1.579 0.2859531 0.2859531 0.2859531
1.561 0.418 1.579 0.2859531 0.2859531 0.2859531
1.561 0.418 1.579 0.2859531 0.2859531 0.2859531
1.561 0.418 1.579 0.2859531 0.2859531 0.2859531
1.561 0.418 1.579 0.2859531 0.2859531 0.2859531
1.561 0.418 1.579 0.2859531 0.2859531 0.2859531
1.561 0.418 1.579 0.2859531 0.2859531 0.2859531
1.561 0.418 1.579 0.2859531 0.2859531 0.2859531
1.561 0.418 1.579 0.2859531 0.2859531 0.2859531
1.561 0.418 1.579 0.2859531 0.2859531 0.2859531
1.561 0.418 1.579 0.2859531 0.2859531 0.2859531
1.561 0.418 1.579 0.2859531 0.2859531 0.2859531
1.561 0.418 1.579 0.2859531 0.2859531 0.2859531
1.561 0.418 1.579 0.2859531 0.2859531 0.2859531
1.561 0.418 1.579 0.2859531 0.2859531 0.2859531
1.561 0.418 1.579 0.2859531 0.2859531 0.2859531
1.561 0.418 1.579 0.2859531 0.2859531 0.2859531
1.561 0.418 1.579 0.2859531 0.2859531 0.2859531
1.561 0.418 1.579 0.2859531 0.2859531 0.2859531
1.561 0.418 1.579 0.2859531 0.2859531 0.2859531
1.561 0.418 1.579 0.2859531 0.2859531 0.2859531
1.561 0.418 1.579 0.2859531 0.2859531 0.2859531
1.561 0.418 1.579 0.2859531 0.2859531 0.2859531
1.561 0.418 1.579 0.2859531 0.2859531 0.2859531
1.561 0.418 1.579 0.2859531 0.2859531 0.2859531
1.561 0.418 1.579 0.2859531 0.2859531 0.2859531
1.561 0.418 1.579 0.2859531 0.2859531 0.2859531
1.561 0.418 1.579 0.2859531 0.2859531 0.2859531
1.561 0.418 1.579 0.2859531 0.2859531 0.2859531
1.561 0.418 1.579 0.2859531 0.2859531 0.2859531
1.561 0.418 1.579 0.2859531 0.2859531 0.2859531
1.561 0.418 1.579 0.2859531 0.2859531 0.2859531
1.561 0.418 1.579 0.2859531 0.2859531 0.2859531
1.561 0.418 1.579 0.2859531 0.2859531 0.2859531
1.561 0.418 1.579 0.2859531 0.2859531 0.2859531
1.561 0.418 1.579 0.2859531 0.2859531 0.2859531
1.561 0.418 1.579 0.2859531 0.2859531 0.2859531
1.561 0.418 1.579 0.2859531 0.2859531 0.2859531
1.561 0.418 1.579 0.2859531 0.2859531 0.2859531
